1.631191992989861339e-01
1.600721907985324655e-01
1.630893316962122030e-01
1.601395767758289346e-01
1.577240701360692332e-01
1.563462996319151810e-01
1.548629847592029041e-01
1.465930059380399220e-01
1.446565333220371508e-01
1.408428832786118579e-01
1.358858745259841072e-01
1.356625663400312098e-01
1.314031236216546272e-01
1.258722578394658731e-01
1.218764330300448756e-01
1.206053415931028772e-01
1.159847354713173101e-01
1.142857857423401208e-01
1.102433678502151015e-01
1.051505568746156083e-01
9.758421371588292537e-02
1.167650852398919026e-01
1.215602624853243663e-01
1.122426175816428340e-01
1.073269498885494333e-01
1.006970748014511807e-01
9.143205482608343648e-02
7.908832332135903864e-02
5.293080476715059102e-02
5.673823497307800556e-02
5.108164122790298523e-02
6.686200706291339779e-02
5.890166444636701915e-02
4.461611462625515723e-02
8.124852417363662149e-02
7.392695695067502681e-02
8.110894513053268362e-02
7.041690570598260757e-02
7.442798525063827608e-02
6.930241404357743995e-02
5.441895374163113752e-02
4.843353701720685273e-02
7.354162117640727914e-02
5.889363480103287224e-02
9.910937374498984820e-02
1.009960620170897161e-01
9.653386680585315793e-02
1.012029705559781556e-01
9.964796035364473226e-02
9.820913558361123175e-02
9.968059625539658908e-02
8.391441979735625445e-02
8.711745606126897190e-02
8.063237268946341074e-02
9.261384600814595580e-02
6.642142944036262542e-02
7.348828726032990977e-02
9.812882374149980991e-02
6.355870179324689395e-02
6.057441514287004863e-02
5.317458164243731716e-02
5.752836027361030169e-02
6.319168602403242574e-02
5.801121178268248135e-02
4.588162468273577349e-02
5.364773073119205593e-02
4.361141548406778645e-02
6.057963620143042710e-02
5.609730706340481515e-02
4.808008243863194642e-02
4.277067369314745127e-02
4.374876793895000893e-02
6.190363319972378570e-02
8.083477355808199594e-02
8.157259909592895486e-02
6.749015625043912336e-02
8.186286550084376223e-02
8.407271112701399096e-02
8.166352138803337213e-02
8.014592677069745652e-02
6.807260831948487578e-02
8.317949489906031890e-02
9.040117051718547792e-02
1.099832403207375436e-01
1.076606743630614260e-01
1.163416234027023766e-01
9.213022779316010213e-02
8.071327186502530449e-02
9.075265441058241733e-02
9.388343940999960280e-02
1.060108284188866490e-01
9.719845193138679229e-02
1.114413636552974568e-01
1.045976809798210422e-01
1.189812512908100667e-01
1.062163003337898426e-01
1.210303502461309855e-01
1.172341705320975452e-01
1.468902286473556529e-01
1.297781253451920080e-01
1.305814156025867923e-01
1.344033454747369793e-01
1.276927097496541319e-01
1.682847890261671142e-01
1.540921082287876054e-01
1.036610333577691334e-01
1.543737084572808782e-01
1.281955832961523822e-01
1.083743029183892731e-01
1.386461380453539727e-01
1.127924168884883449e-01
1.521211970392750967e-01
1.395323899759616237e-01
1.043253066151080405e-01
1.281507188305601730e-01
1.274007492979615241e-01
1.459628751808161040e-01
1.276216216101377920e-01
1.470412972013354913e-01
1.104153403474431860e-01
1.453579511968096372e-01
1.490479266241536427e-01
1.262942103239806380e-01
1.537587811127958393e-01
1.662536100614886991e-01
1.553167561852679956e-01
1.163683163919606300e-01
1.612872129144518607e-01
1.597300323427415236e-01
1.466193684241917095e-01
1.699680695901495953e-01
1.585886200697485815e-01
1.656493677087487737e-01
