1.554986150142039225e-01
1.598674155579807854e-01
1.640751462682462913e-01
1.650665855181331354e-01
1.674862212740157175e-01
1.692898493729396159e-01
1.700620180717758168e-01
1.720559266145769983e-01
1.728811352874952134e-01
1.735978828554531339e-01
1.750973702038673419e-01
1.748707059960439292e-01
1.757317441092570709e-01
1.762773582028960284e-01
1.759528522334125045e-01
1.757872929426212982e-01
1.761012685077896489e-01
1.767001794377054402e-01
1.769893883112306221e-01
1.769734624100517406e-01
1.767445134940994200e-01
1.762885402836045501e-01
1.763309543111502009e-01
1.755640190855092264e-01
1.750043870193798978e-01
1.754004135886899074e-01
1.746517291206035882e-01
1.737228543558754779e-01
1.738637026044319578e-01
1.725896430955367600e-01
1.723133323989025079e-01
1.721992241825184289e-01
1.709913129290930034e-01
1.699504395862371231e-01
1.699705254861111903e-01
1.679404393069505730e-01
1.665255894786404622e-01
1.647452905356370789e-01
1.634449260113030877e-01
1.606839705471835023e-01
1.566959547156638599e-01
1.539814461217920427e-01
1.486981442513101992e-01
1.436261002753073668e-01
1.379128575344313878e-01
1.320191228545276596e-01
1.210978418081355978e-01
1.063835277014778813e-01
8.892117070038593751e-02
8.048318191452621950e-02
8.451763044576379724e-02
9.469940981337562902e-02
9.971314848211575155e-02
1.022980618852672718e-01
1.080669271052262514e-01
1.135580589405774526e-01
1.110001669036841943e-01
1.145556377940152304e-01
1.138415852055381372e-01
1.149900933158839317e-01
1.143677677034727891e-01
1.146074032560279732e-01
1.123428146959965790e-01
1.184152127875621324e-01
1.153042363284240701e-01
1.173847345597663350e-01
1.186625497679000274e-01
1.141493567386380609e-01
1.143997448007192247e-01
1.141564058780084462e-01
1.116242314574362182e-01
1.112663104128682606e-01
1.102036353664739704e-01
1.096911818772445535e-01
1.085924138461496491e-01
1.083931973626281325e-01
1.044252696158690652e-01
1.065681928524845890e-01
1.045390888407364272e-01
1.057141851890660150e-01
1.025699421337832040e-01
1.042249094254391883e-01
1.034565403986582449e-01
1.008787204552760164e-01
1.017716558307152352e-01
1.026658007699284697e-01
1.009176897516651239e-01
1.007523122881667232e-01
1.011261055465515202e-01
9.923121525899775142e-02
1.014502460614343515e-01
1.010982904902532065e-01
9.939934308765935311e-02
9.939031438093857973e-02
9.950303667532539587e-02
9.993605881001059454e-02
9.689682827245185703e-02
1.014430175925666588e-01
9.720678044009645191e-02
9.758617753242615489e-02
9.724953949530190656e-02
9.554039331833971693e-02
9.737417919263816057e-02
9.517004578534353498e-02
9.239347534527739270e-02
9.319015436625385784e-02
9.113728094152567794e-02
9.046164428192285389e-02
8.817894425752079157e-02
8.789034910610732387e-02
8.985061069355451679e-02
8.672009797701422940e-02
8.361588726262629556e-02
8.384458659044502493e-02
8.228100553656762794e-02
8.254493204807036855e-02
7.675149645682599608e-02
7.878544744093590735e-02
7.426652899064553615e-02
7.442143319314235839e-02
6.902689369281189702e-02
6.740039197475433674e-02
6.918447776537405003e-02
6.324509566115850412e-02
5.733154617587891966e-02
5.676458016749081487e-02
5.279443270419648809e-02
4.762368942908151714e-02
3.625050714146951791e-02
3.245683419909024120e-02
2.974963127352672765e-02
2.494573268565119725e-02
2.536093564306621598e-02
