4.832514033521479457e-01
4.864041926641374802e-01
4.913928706347170383e-01
4.931499822467825256e-01
4.861863903110145713e-01
4.856561442411784224e-01
4.882939501813514105e-01
4.888068883040630475e-01
4.945814897444180125e-01
4.868789516610512735e-01
4.905005592654479996e-01
4.941139360812781267e-01
4.893857697190466260e-01
4.915578208725800424e-01
4.919488894069329876e-01
4.811342000807343755e-01
4.843269690961548024e-01
4.841151610430649566e-01
4.841592171573094183e-01
4.891113485372048375e-01
4.866435452765621172e-01
4.884835247582678952e-01
4.909398438573069900e-01
4.926306619557277444e-01
4.927430865087993883e-01
4.889606176894045753e-01
4.858515700490659284e-01
4.891417156267239830e-01
4.922593289420947871e-01
4.839299734582506174e-01
4.840490111114135741e-01
4.837392977538110816e-01
4.800886976014997476e-01
4.869943127772021207e-01
4.777042316622290841e-01
4.880701827274540605e-01
4.790755453603371405e-01
4.866008216805786102e-01
4.755738430972707986e-01
4.853493133161941309e-01
4.799702480959568973e-01
4.815014292486656799e-01
4.832202417633852387e-01
4.854769152455019610e-01
4.871714245599712556e-01
4.811083845084285771e-01
4.796605963127771877e-01
4.761440191051238280e-01
4.781222681571587474e-01
4.725683912628242389e-01
4.672188985219987711e-01
4.714056302289893474e-01
4.697940316078960121e-01
4.762331112598756633e-01
4.787638406846300709e-01
4.739943330352841544e-01
4.704459120073056222e-01
4.698259973038124704e-01
4.682661131815277211e-01
4.705003776233275814e-01
4.719394599713687688e-01
4.743617567882598696e-01
4.654153524392041219e-01
4.635601546978220244e-01
4.585671296417627163e-01
4.631057580571143473e-01
4.608309386972590516e-01
4.598957531066927840e-01
4.603942169330684786e-01
4.676210419805505447e-01
4.556080024468277534e-01
4.607636886558753031e-01
4.555683726734880978e-01
4.507683610738151270e-01
4.483136020763149876e-01
4.569357686073726721e-01
4.556475274607728054e-01
4.565647585250927065e-01
4.545189438892095479e-01
4.623511661393140959e-01
4.543217779252873290e-01
4.495804185984550450e-01
4.473088183505141147e-01
4.459732284117515766e-01
4.560669301744457171e-01
4.489367943341956435e-01
4.570477241659086642e-01
4.485926557319198649e-01
4.458223685766734556e-01
4.458665774973925577e-01
4.458827826236282377e-01
4.515079552022082110e-01
4.458180961737828740e-01
4.546877544766644297e-01
4.462091865976154925e-01
4.500418713475939358e-01
4.410469067934995047e-01
4.366555951963465021e-01
4.439042551834536665e-01
4.447848752722622367e-01
4.421714882648484224e-01
4.545967113456373387e-01
4.541834946874063195e-01
4.484333845920810968e-01
4.393825172797573564e-01
4.439921469681891164e-01
4.447524422531208832e-01
4.532679288216262536e-01
4.431864534515118637e-01
4.394024130034178133e-01
4.435964764763021262e-01
4.527949525054937863e-01
4.446193580078659502e-01
4.474901341518498499e-01
4.402735149153724215e-01
4.537294917173460007e-01
4.321487752039885888e-01
4.394397095542382781e-01
4.408040991860889268e-01
4.384826204089558033e-01
4.413432699070794496e-01
4.475167215036163770e-01
4.317966645751359911e-01
4.381648305708071844e-01
4.432012850104898871e-01
4.265405733389426857e-01
4.465624473698626140e-01
4.498691852218392184e-01
4.411637803315083817e-01
4.418650723682172043e-01
4.463890912148659185e-01
4.441551162621038551e-01
4.336004704622718475e-01
4.358862095056625363e-01
4.321628155052720799e-01
4.358428860281315376e-01
4.414381555095656107e-01
4.348377486663899116e-01
4.365158829260629147e-01
4.274821740639682122e-01
4.430277541655738283e-01
4.481595425074367256e-01
4.354717704506427256e-01
4.294516007929591872e-01
4.284546341497207367e-01
4.260345478219031978e-01
4.417814564212714235e-01
4.307635447925475813e-01
4.226956927076097603e-01
4.245833964903875657e-01
4.253596860315264072e-01
4.140366234961697089e-01
4.151261817555405020e-01
4.231043587517734350e-01
4.259670301639912893e-01
4.102005037660705900e-01
4.280760746902274594e-01
4.200062182003879152e-01
4.118611997476704367e-01
4.277414722448277251e-01
4.295453770819492312e-01
4.082353895934526244e-01
4.054583448209044816e-01
4.146301216072965090e-01
4.242480400327877099e-01
4.227384765419181512e-01
3.988914413574934925e-01
4.241596061979202026e-01
4.161988605789064821e-01
4.017719849841825397e-01
4.073421856904830274e-01
4.028497542834863498e-01
4.198962498194449000e-01
4.073363503628072424e-01
4.058014018955707347e-01
4.052570751990520748e-01
4.050832632806673494e-01
3.922569490547282434e-01
3.952115607514345430e-01
4.051519327196110853e-01
3.997333968059762488e-01
3.998581748873232811e-01
4.126401848382557080e-01
4.184458598359028780e-01
4.111249887693340654e-01
4.114408105772586755e-01
3.937844273697272413e-01
4.091280357059555173e-01
4.186160686483458293e-01
4.090772234081541114e-01
3.990937160233993253e-01
3.978579864081399631e-01
4.036907307474124074e-01
4.058090437785160098e-01
4.043450654166964586e-01
4.052905200115649031e-01
3.957614127148322281e-01
3.846905318048003952e-01
3.915177820011008225e-01
3.958220735091179110e-01
3.876358151650379780e-01
4.005911397182009281e-01
3.987982007670391460e-01
3.737725505081612720e-01
3.936522436416677873e-01
3.981868525457433750e-01
3.888394552887661226e-01
3.937037638362252401e-01
4.029040606036450312e-01
3.862586642555667082e-01
3.908552254071224197e-01
3.894068198152348947e-01
3.885385908026259827e-01
3.993070782711041211e-01
4.011713945043530183e-01
3.918590624100017350e-01
4.033003482362363390e-01
4.133839369206293024e-01
4.083676035090608725e-01
4.180714880219301155e-01
4.044165056494000154e-01
3.863882146191919831e-01
3.960159310967576451e-01
3.950259920763278254e-01
3.950855104482544067e-01
3.942006810204258804e-01
3.770818689068065055e-01
3.713041645967496418e-01
3.976365883799432011e-01
4.013009202201517911e-01
3.920845825688902830e-01
4.012230866626508297e-01
3.913001053931239315e-01
4.098072640646778786e-01
4.273577462201554322e-01
4.216294362654124384e-01
4.232195153923332676e-01
4.343755791265687671e-01
4.339200247601825988e-01
4.208220085475176120e-01
4.063693691289484988e-01
4.025236081330568205e-01
4.017585662170835015e-01
4.053944894981147407e-01
3.945085693350056655e-01
3.931439485948357571e-01
4.212118554936749026e-01
4.037012137939171019e-01
3.967129474530560751e-01
4.029348146261453323e-01
3.938940858459822336e-01
4.065174252367495522e-01
4.116063776678842157e-01
3.800875515138789629e-01
3.743912682406150272e-01
4.139488899924903542e-01
3.934637079225322132e-01
3.870550675317901423e-01
4.069935633442456901e-01
4.000481382531514973e-01
3.784972069020848817e-01
3.796346390026968387e-01
3.766993026788788557e-01
3.950086516444518692e-01
3.794852354398407512e-01
4.179096345789932165e-01
3.814273254085812637e-01
3.665150233153707804e-01
3.811288694201464544e-01
3.847124887132700177e-01
3.882142302564320357e-01
3.693133661015288172e-01
3.672691792461266758e-01
3.846263058856183581e-01
3.632073037014582617e-01
3.992503839312196989e-01
3.811544020241955932e-01
3.907249357710501081e-01
3.806747663984609842e-01
3.876306108363923308e-01
4.061620067306893067e-01
3.855294661195909911e-01
3.874602547645132344e-01
3.659465372073276157e-01
3.715459842494345244e-01
3.661603639148879874e-01
3.493626511390224842e-01
3.784590146234752539e-01
3.309795504977584013e-01
3.709106526095385381e-01
3.483474509494111082e-01
3.898922906863284132e-01
3.815465950235944481e-01
3.786765570834608741e-01
3.952100662407560527e-01
3.885832921315992006e-01
4.101794568617092573e-01
3.905507014248196240e-01
4.019391962161238951e-01
3.813859777039635968e-01
3.798614477383819854e-01
3.745548436797845326e-01
3.762575959493887900e-01
3.958097941464361336e-01
3.845714344095778059e-01
3.950814376637297176e-01
3.650099846400884362e-01
3.713817737284412224e-01
3.746618020649568059e-01
4.067415446590362249e-01
3.912492484295958528e-01
3.771858910062883541e-01
3.774818105686714720e-01
4.065645661032926683e-01
3.860220268826717871e-01
3.805058396709674051e-01
4.125797177950654149e-01
4.126763791555252969e-01
3.778547739266049366e-01
3.842000690087123971e-01
3.920631395054487434e-01
3.808562135044136765e-01
3.811887376197435895e-01
3.944615355505315391e-01
3.820236509086480381e-01
3.812112862090032972e-01
3.969221349553594402e-01
3.962987296854280084e-01
3.913650450613174181e-01
4.164508547430976759e-01
3.938831277122400998e-01
3.949720623574400347e-01
4.009750387011786765e-01
3.639250993546319091e-01
3.670748085138189065e-01
3.909864340781852299e-01
3.917706597793841339e-01
3.740129277899079674e-01
3.729317046801371438e-01
3.746815290450024594e-01
3.876055881313599238e-01
3.517163648467391268e-01
4.044762114284845556e-01
4.125313239144265953e-01
3.938694456102939667e-01
4.292242715163943623e-01
4.148381874559654570e-01
3.895480927577977814e-01
4.468764838103023163e-01
4.369097682781907799e-01
4.287857527816018588e-01
4.351481303572594661e-01
4.364883754804983473e-01
4.360200387932309796e-01
4.285170324723535096e-01
4.263751099790998866e-01
4.130039679691792642e-01
3.980617208384086836e-01
3.694381358684766248e-01
3.821799096254501760e-01
4.615063122831432607e-01
4.303931149859593353e-01
4.274198575450391946e-01
3.930483309689672966e-01
3.711692902284741136e-01
4.263131110651518507e-01
3.927583069453879361e-01
4.167660414403805968e-01
3.899378607988877032e-01
4.000006326124434519e-01
4.029692799047342455e-01
3.904309969547097858e-01
3.652809502287515664e-01
3.670113971760503024e-01
3.741686318022224289e-01
3.810612145923088501e-01
3.765221659327255832e-01
3.773449938274852644e-01
4.105746139996315214e-01
4.063513530386330674e-01
3.947988874538634341e-01
4.298947812304247940e-01
4.160131337870467405e-01
4.165042236320020130e-01
3.936077134082477946e-01
3.948331697321878497e-01
4.067698490001592782e-01
4.285073700376133554e-01
4.014304010673539480e-01
4.433333309984943682e-01
4.200402754933184601e-01
4.236996333193706055e-01
4.306414511442564486e-01
4.153554746599804615e-01
4.481398811433864871e-01
4.488095361993511556e-01
4.553977344614992262e-01
4.563884191503354559e-01
4.425177447475761028e-01
4.069283837489807709e-01
