1.174742120441682469e-01
1.112436351279886548e-01
6.693730268743128264e-02
6.158646054258311991e-02
nan
8.898538518041128331e-02
1.083211038391813652e-01
1.148961106366517271e-01
1.210632347245507168e-01
1.373276681239324615e-01
1.293402867988626970e-01
1.380541515610531067e-01
1.440586420709193960e-01
1.446065775715566493e-01
1.363234164459735664e-01
1.188966095323705785e-01
1.372188367695408306e-01
1.349585039605880887e-01
1.319766240056791662e-01
1.358697916694497909e-01
1.314490586777552206e-01
1.343580423750283526e-01
1.297817791348739869e-01
1.367679457307683366e-01
1.380789133857128204e-01
1.392924018429026467e-01
1.403332790418820863e-01
1.376441680505534615e-01
1.373048670354678480e-01
1.390516693268500359e-01
1.406952190006978132e-01
1.396107782380751616e-01
1.415580368303717140e-01
1.406543980267183080e-01
1.346911902898630942e-01
1.333017820596891501e-01
1.318835538091253090e-01
1.310590923594680546e-01
1.325264044956473986e-01
1.323535201852756860e-01
1.301762115043008095e-01
1.304979176405180463e-01
1.219576942922275531e-01
1.302927283722186136e-01
1.239977968669909170e-01
1.202962521493154829e-01
1.201321620692983594e-01
1.144017441952597525e-01
1.271792224501803736e-01
1.148843921069956642e-01
1.032395485702114479e-01
1.058306218159559137e-01
1.009940659055221651e-01
9.384471511957423462e-02
9.645873507618915599e-02
9.485390204055259289e-02
8.642521590700667777e-02
8.742534575950219877e-02
8.725778749377199883e-02
8.900592521141371949e-02
8.874215108353401826e-02
9.595547802088040534e-02
8.509583008409023208e-02
8.811500278119969998e-02
9.044072091702898275e-02
8.724310628906487008e-02
9.697354873465413583e-02
9.058463630281952950e-02
9.315037596232084161e-02
8.169398150997769781e-02
7.518698719823813104e-02
6.574219197386689528e-02
7.553821835384699757e-02
6.848230617187095470e-02
4.958397959440041802e-02
5.201179742846639975e-02
6.040362721369739452e-02
4.418740453022181741e-02
4.402743142074354993e-02
4.095263800930203785e-02
4.380834993774768149e-02
4.686740051703029708e-02
4.235360883273353583e-02
4.772056890349470060e-02
3.635600638332840695e-02
5.373959955377669712e-02
5.449787935340287548e-02
5.541972486916815765e-02
5.039152180671014475e-02
3.502973928173533369e-02
4.045304803113328185e-02
5.163499683122720063e-02
3.482066081233357174e-02
4.912701690479473471e-02
4.470838667310207681e-02
2.752514011153678331e-02
3.593973467900012791e-02
2.839012908189512963e-02
4.055387589055303721e-02
2.732523384834888505e-02
5.365370814822249812e-02
3.225012213204985628e-02
2.352425362493629213e-02
3.486643293398238030e-02
4.093242033079634579e-02
3.269156500406232568e-02
3.655312507359921581e-02
3.366057219808600565e-02
4.372327527166808281e-02
5.721501672725048948e-02
4.744985305608732939e-02
8.901082702137613767e-02
7.405475682323703346e-02
5.521699670099190771e-02
5.271870659325614272e-02
5.513233695185378036e-02
6.221993095318799349e-02
6.117309740944301688e-02
9.150399226973071620e-02
6.077615478217547607e-02
8.153856601398813686e-02
7.470448833990969706e-02
8.907435839283914247e-02
8.910050330881341685e-02
8.980577965154118436e-02
4.962256753229017658e-02
7.655537704602025095e-02
7.694658957563768609e-02
6.847220070643514345e-02
7.317480666596765104e-02
8.591728696318043368e-02
8.316316487084406128e-02
7.341387534011492577e-02
