nan
1.584605073920865304e-01
nan
nan
nan
nan
nan
nan
nan
nan
1.340389980219905963e-01
1.261997654065347418e-01
nan
nan
nan
1.231464283368507440e-01
1.296176040866834633e-01
1.215995214787757989e-01
1.268003684596044900e-01
1.379618590871079520e-01
1.190558130346485582e-01
1.288943768122804978e-01
1.063059284099521495e-01
1.292590467659417985e-01
1.279203078081554423e-01
1.270535156522343279e-01
1.070369271320630866e-01
1.225651206246947122e-01
1.208528058725936438e-01
1.179801992924266046e-01
1.232901150594230000e-01
1.223279701263077501e-01
1.047268646374630019e-01
1.017388609152695134e-01
9.327091901429927778e-02
1.105893331472816016e-01
9.657583327399019146e-02
1.022371877640175508e-01
9.164099582525654653e-02
9.035392313147541654e-02
8.825333946347001246e-02
8.095681069209692549e-02
7.908303976209765662e-02
6.656510047050155643e-02
7.645363349222619731e-02
8.333229553972187897e-02
7.396586075312999720e-02
6.551816327489258518e-02
5.716332666467070778e-02
7.719338315367774150e-02
5.652929719890917304e-02
6.965604158057076001e-02
5.794866907348639185e-02
6.175167049823142990e-02
5.311323880958675192e-02
4.585368814972555496e-02
3.755006057516473150e-02
2.456913098213621763e-02
4.446982136787693690e-02
3.370098795644985157e-02
4.665567680529283945e-02
3.478991312382606615e-02
4.433968577310248849e-02
3.742558022188001432e-02
5.297335720169511764e-02
4.980436647408656436e-02
2.161295922619124038e-02
1.993323113482672188e-02
3.115049374001831878e-02
2.273841131682120126e-02
3.749515280135871931e-02
3.116185370582872510e-02
3.247288981080483083e-02
4.342401109285588812e-02
3.086812294293962700e-02
3.855477871206527268e-02
3.157625083368341412e-02
3.231458948834026179e-02
2.750865573234444889e-02
3.300006681489625615e-02
7.347979376773094984e-02
5.931523982009605928e-02
5.733388411004493312e-02
7.795245098572139986e-02
3.836279984503312979e-02
6.555390396253213403e-02
2.527347878632492384e-02
2.849210324737563860e-02
3.541961633354423489e-02
4.716392762543310940e-02
3.530330536904507238e-02
4.523144202606518838e-02
3.346090330809656233e-02
7.953787961269034867e-02
3.809983752202229790e-02
4.605622628442894440e-02
2.376636853598461385e-02
4.292515327397275482e-02
3.600535140770211306e-02
1.709273371673127734e-02
3.752594688347579699e-02
2.852171397016894927e-02
3.417090557360778769e-02
4.621356712268744060e-02
6.670684715760702432e-02
3.145457306460552188e-02
4.957084635466166983e-02
5.635493906646400070e-02
4.799804128763877908e-02
3.394439550587061150e-02
2.798347693107353096e-02
4.044481837352578713e-02
7.101526302675553737e-02
6.702960866562586439e-02
4.962332170662982211e-02
4.893424471461464698e-02
6.491323683872224359e-02
4.844879108646264060e-02
1.299663662520963645e-02
3.633577352589893728e-02
6.947758397997380597e-02
2.779326260183727360e-02
3.532150184252950270e-02
2.791656476478572221e-02
4.505353503556999706e-02
5.862221570206312127e-02
7.601034665213507457e-02
3.161559827807376710e-02
4.435787699594547634e-02
3.891644606918960581e-02
2.091168449569497101e-02
2.631339668153234723e-02
2.800355968724135142e-02
