1.238386995621160447e-01
1.132293281499460319e-01
1.154032866567620969e-01
1.115286024094165607e-01
1.104015569214853304e-01
1.109827761156129966e-01
1.059157668837393262e-01
1.055769385583694431e-01
9.168926741862346019e-02
9.678971329039093296e-02
1.003644688951389752e-01
9.671786731235651469e-02
9.042244958811578026e-02
9.343831735310224873e-02
8.709777983285232894e-02
9.525683017474978476e-02
8.404019235483299599e-02
7.910692483476913783e-02
8.597881143404847992e-02
7.828411627375020387e-02
8.207016451859938666e-02
7.867252892603714132e-02
7.747545207474253182e-02
8.244803658717350658e-02
7.643925543014851165e-02
7.208125920797486819e-02
6.994534619267885056e-02
5.993613386380452351e-02
5.626238402987111809e-02
5.199953386492103119e-02
4.502846534865135447e-02
3.993143079022652697e-02
3.780997854328874835e-02
3.858880307149234468e-02
3.836960336369455576e-02
3.313445051102906214e-02
3.832676163765649097e-02
3.957415633906634367e-02
6.046145572460129292e-02
6.487957351782039361e-02
7.129453230932293606e-02
6.499867097394503024e-02
7.549952102254148256e-02
8.464368153052707899e-02
8.326590804700907678e-02
8.786818893130633745e-02
8.955630753605202388e-02
8.286564150611200330e-02
7.655139559529750004e-02
8.125835472648074154e-02
8.419736165375391046e-02
7.822544290827550262e-02
7.877763893489778124e-02
8.997108739138562350e-02
7.934975635609808897e-02
7.874376841876466748e-02
7.996529447073795482e-02
9.302199739552095836e-02
8.571100248581797754e-02
7.761250053161705686e-02
8.684508217703082456e-02
8.627034120236362624e-02
6.610559788039357954e-02
6.072213456427325018e-02
6.778287202386647226e-02
6.243496398149128712e-02
5.799151760491062790e-02
6.272317422654266617e-02
5.691439574959208242e-02
5.708563793143063558e-02
6.705446045409285682e-02
8.186086032824826941e-02
8.386106094081698104e-02
6.784837943764635004e-02
5.837751423380421051e-02
6.827706200342972820e-02
6.994177260012190978e-02
5.797834647785807954e-02
6.664316222429168823e-02
6.885549010054661800e-02
5.716102745829251819e-02
7.512974421558504812e-02
8.258934053320265978e-02
7.214214689984882467e-02
6.290674999114521937e-02
6.020561630763297117e-02
4.977391388963577773e-02
5.747494476206325975e-02
3.527772110856419729e-02
4.558005214766006757e-02
4.459973608055774197e-02
4.192967390009348649e-02
3.673409141078269602e-02
4.349134022331312133e-02
3.714021946997028006e-02
3.347464302079577320e-02
3.493447322823585444e-02
4.431467308658979670e-02
5.039277732643007712e-02
6.074578633715202458e-02
4.889427073518494427e-02
5.538072632017482927e-02
4.058895809061865284e-02
5.322537474514230094e-02
5.973645326981313897e-02
6.099950274605635270e-02
4.092188126121230896e-02
4.982139988722054935e-02
5.589745691374479325e-02
5.614116484347350666e-02
5.205569646157603980e-02
6.115553077499397139e-02
7.456202754613702743e-02
7.174825320602704060e-02
7.303461878516009920e-02
8.900817252108747524e-02
7.312120265920293849e-02
7.103655498595787265e-02
7.439460528236484238e-02
7.154966721253228079e-02
6.230158422168068089e-02
7.872303353008833215e-02
7.225931648342610869e-02
6.446562487473092573e-02
7.131313046639972675e-02
6.572117580477798704e-02
7.409419276521841957e-02
8.866291488126058773e-02
7.875584534139391801e-02
8.273691007475265924e-02
7.650082381339826099e-02
8.292994228764669074e-02
9.416946240900310461e-02
