1.144398376626765690e-01
1.173338872035372127e-01
1.188431571769900386e-01
1.198722430082316548e-01
1.204587287430966130e-01
1.197782139192873768e-01
1.201659573672724107e-01
1.204304647883588097e-01
1.215229948926082187e-01
1.241459076940002321e-01
1.215555476464580398e-01
1.231049334053675309e-01
1.226133664707227400e-01
1.247058551455267200e-01
1.250965441204749951e-01
1.244712698602643136e-01
1.249567153701912070e-01
1.255840456850730869e-01
1.254818983634901075e-01
1.252144423602352674e-01
1.259768115142602118e-01
1.258252931755950155e-01
1.245672969583772743e-01
1.210756201425320921e-01
1.196024420194976845e-01
1.165143880588267872e-01
1.152752840571101556e-01
1.128665136177437328e-01
1.057887301098913296e-01
1.013461205735715076e-01
8.708591798968737252e-02
5.943974434571119847e-02
2.354275868619621487e-02
2.151254452697110020e-02
4.728150144106088582e-02
5.777401777643036140e-02
8.596647556676048629e-02
8.305991813378005295e-02
8.660069836412370714e-02
9.001854084050261995e-02
9.543066742270144009e-02
9.773069851229645999e-02
9.877055368579129579e-02
1.104357691923189833e-01
1.087710674804577421e-01
1.109437178369982735e-01
1.140753889574899205e-01
1.168066828046421812e-01
1.149074436753620143e-01
1.121882826886138607e-01
1.091845935995958417e-01
1.122883645634318445e-01
1.031373652936222740e-01
1.000167835307108344e-01
1.016322418694868418e-01
9.261296390804756029e-02
9.163703093167512026e-02
8.760984652429820718e-02
8.359147933238927908e-02
8.206186774507356896e-02
8.154706110014145470e-02
8.222312171552914606e-02
8.525440167639622424e-02
8.184636538580256082e-02
7.605878762852885666e-02
8.205890067179494318e-02
7.527968466043340190e-02
7.659164036419063848e-02
7.049566746604021827e-02
6.585795410653112747e-02
8.286074138535437505e-02
8.072807951003942162e-02
7.011428590303835084e-02
6.801012975416043105e-02
6.090469085388757614e-02
5.388162033378057075e-02
3.904694754010697155e-02
2.426948946630778231e-02
2.810235371045869193e-02
4.675232126142830902e-02
5.393607264932106377e-02
4.888395232557439518e-02
4.917233426740939134e-02
3.990334970026869488e-02
3.508520818004981501e-02
3.574254722609519763e-02
3.899738053959491552e-02
5.559856739460446173e-02
4.004530163949406030e-02
3.019204935963243006e-02
3.048676554943556549e-02
3.140522826981033411e-02
1.922858560301915487e-02
3.537275334879499966e-02
6.350273744110931928e-02
7.305157725005451130e-02
5.433696226937406726e-02
5.182391117807573500e-02
4.194057920447463728e-02
4.852079339854119266e-02
6.594175968407939292e-02
5.320144946385134410e-02
4.489494549886877128e-02
4.156651110785035408e-02
3.822968309572185447e-02
3.000168926381048540e-02
2.366154752646911635e-02
4.411304655248674683e-02
3.938852035923499223e-02
3.340312100185714034e-02
4.893987878158062577e-02
4.109986188327849344e-02
4.044289837523806080e-02
3.221393863093849341e-02
7.220085419986474462e-02
5.900130187083204442e-02
5.068005700764077054e-02
5.198988420084567352e-02
7.164901210715324265e-02
7.249271244411087389e-02
5.772957513785662714e-02
4.931633387788897371e-02
4.166363404690583833e-02
5.090321382426062080e-02
5.063479817492337609e-02
7.052080362683446624e-02
7.094936600727747011e-02
9.283421131209874944e-02
9.571155646286183538e-02
9.663483974933259613e-02
8.333344948903723126e-02
7.861810448209960445e-02
6.020205819353321303e-02
