5.018117231469757522e-01
5.019987036707357353e-01
5.022731691005137833e-01
5.019235288964730701e-01
5.018877484579832293e-01
5.018406140804926308e-01
5.018144723429488474e-01
5.020633403380475590e-01
5.018701324426257937e-01
5.017200897801695758e-01
5.017564641775434930e-01
5.014838153929075393e-01
5.013674092228935786e-01
5.013612939048582851e-01
5.011600682160990416e-01
5.012119363262920180e-01
5.011609788348058148e-01
5.014085007087553114e-01
5.012631521705357418e-01
5.009914140182368802e-01
5.011378807914154132e-01
5.009436634686057488e-01
5.008914149470159449e-01
5.009517333604657230e-01
4.999691106796623208e-01
5.002500822619064813e-01
5.000120515664445708e-01
4.998912919089849027e-01
4.998637430398860659e-01
4.996995939432224976e-01
4.995092461919448668e-01
4.995776215534244447e-01
4.987708936521440539e-01
4.991172630208927652e-01
4.985772967295626357e-01
4.982375173070927032e-01
4.980604981469252679e-01
4.979403162114836578e-01
4.974295445898060386e-01
4.970685207009830076e-01
4.966886066061931837e-01
4.964257760122633423e-01
4.961767908846890229e-01
4.960162863187417837e-01
4.955611150069841875e-01
4.952633813981607847e-01
4.944809572668209530e-01
4.940271308812965168e-01
4.940793947248243168e-01
4.930473671789656898e-01
4.925874450938408367e-01
4.924478570988768400e-01
4.916539142769338344e-01
4.902192221625049640e-01
4.900783776109789436e-01
4.877044738599264906e-01
4.854962757279389640e-01
4.825393098789518831e-01
4.819744024843212182e-01
4.791671377001305854e-01
4.755012409896659520e-01
4.742355494450966047e-01
4.715649824402649570e-01
4.688092831350277323e-01
4.683834420723307912e-01
4.669774100206712242e-01
4.626474669858762767e-01
4.585201906065092259e-01
4.575992825303396572e-01
4.542432818605933176e-01
4.515024410508714503e-01
4.501216536126597667e-01
4.495187557030221326e-01
4.504036084613571300e-01
4.470258851383800969e-01
4.423382433477031084e-01
4.407148789802879385e-01
4.381469228598450782e-01
4.294793799995806904e-01
4.235393317928852763e-01
4.190354079763269901e-01
4.185791199443137378e-01
4.136825811101547123e-01
4.119102040544745380e-01
4.101823898326991125e-01
4.087438025283828269e-01
4.052598794481239719e-01
4.022608476887199469e-01
3.883043001066096567e-01
3.703734251748341810e-01
3.690162686117626212e-01
3.468427802521636960e-01
3.406191095762489129e-01
3.469149380417798634e-01
3.171842547105713228e-01
3.027518491928525846e-01
2.972409935911461965e-01
2.841774772341709165e-01
3.039051843547618814e-01
2.966409626788589216e-01
2.902274200373865520e-01
2.816703914504244954e-01
2.628409452347201247e-01
2.515690066000030312e-01
2.538734815641432996e-01
2.364050799830094973e-01
2.337447490320390675e-01
2.463937419370094972e-01
2.425752774612598694e-01
2.687589887038636660e-01
2.685584576605080653e-01
2.656593568037585174e-01
2.614748415996706044e-01
2.512568715663872632e-01
2.879134838631974835e-01
2.735193449026330215e-01
2.816603037349774130e-01
2.786139890726747059e-01
2.579061344485069074e-01
2.560870755127517828e-01
2.468487138062566422e-01
2.689671314076023112e-01
2.517873032987776316e-01
2.501899781689928548e-01
2.717932736136691174e-01
2.437506427586742519e-01
2.419125093110770508e-01
2.276722219735844710e-01
2.451459516069695865e-01
2.512623019056789975e-01
2.829561464819395078e-01
2.833152435240291478e-01
2.699721734578439669e-01
2.708766555185135316e-01
2.692025691399950182e-01
2.674096963456232268e-01
2.775182347614121303e-01
2.602849218071242587e-01
2.578266271602611126e-01
2.574564939108886508e-01
2.526872577648544560e-01
2.462433246974097267e-01
2.620851331668992978e-01
2.656112981475784451e-01
2.670523388847701463e-01
2.558792954648432261e-01
2.623387323267051818e-01
2.649208715562356709e-01
2.616500247827276415e-01
2.459344028273913463e-01
2.296116168698155158e-01
2.310382576237669239e-01
2.443967714685229276e-01
2.340869492531209572e-01
2.507929656204329616e-01
2.332745679409503059e-01
2.228836028437823358e-01
2.488072416073229820e-01
2.372668701048751549e-01
2.562473941662534171e-01
2.384217357237745916e-01
2.522257869146595222e-01
2.482859342632333655e-01
2.605553785970014524e-01
2.371328161594382922e-01
2.335138666116196304e-01
2.207489556546479437e-01
2.142623226090693833e-01
2.370612709205481006e-01
2.397235546614221446e-01
2.377833334586425817e-01
2.403186654288258783e-01
2.194002465038683292e-01
2.022880128081192275e-01
2.101986842067423700e-01
2.120915662065425700e-01
2.148728571165007262e-01
1.987393759515736213e-01
2.142831768823877381e-01
2.405220842276898363e-01
2.627373313959843748e-01
2.749981679592761186e-01
2.494146284166227079e-01
2.558526489089784084e-01
2.553506890555325426e-01
2.888083873764412668e-01
2.551816966057209313e-01
2.627041105549504096e-01
2.306018372717661413e-01
2.337300413432165103e-01
2.119753045540175018e-01
2.374814582770706228e-01
2.216955635767741406e-01
2.135583929989766649e-01
2.194233077254756636e-01
2.180584480177637230e-01
2.151569152050356593e-01
2.213322789485454301e-01
2.183518582357578397e-01
2.192394621790411946e-01
2.144993019659558742e-01
2.084849882672056565e-01
2.217932298509750211e-01
2.538210440103098042e-01
2.334626380257604772e-01
2.174367378504482862e-01
2.214863502093867842e-01
2.325679639578130398e-01
2.349798933962372049e-01
2.296832910313403309e-01
2.357909910048197610e-01
2.178067254729425806e-01
2.200733657388338482e-01
2.263764657119338164e-01
2.179422540254126739e-01
2.470056894774966816e-01
2.680035846684213352e-01
2.282019780144162457e-01
2.218341057107830472e-01
1.975222593704313856e-01
1.994781105476401417e-01
2.024876032338260579e-01
1.886560889210946168e-01
1.956768454677856872e-01
2.164707100554903452e-01
1.843672815324488568e-01
2.182228227027388223e-01
2.365243746585748430e-01
2.225311240248186995e-01
2.174340843405076773e-01
2.124473651714585687e-01
2.265559359898377811e-01
2.193198818577415665e-01
2.574498509319869122e-01
2.469427857201045295e-01
2.610906046182737139e-01
1.977219688414726673e-01
1.926482808388255696e-01
1.838370838500447690e-01
1.783835324484875362e-01
2.070246191841558503e-01
1.942261776244283700e-01
1.884663671915333683e-01
1.940153382327604870e-01
2.035779544436105426e-01
2.000897130391126044e-01
1.967932722870968376e-01
1.337866346098352532e-01
1.719876373115989399e-01
1.865458301606117697e-01
2.142889586777732280e-01
2.075533635848386405e-01
2.107485579270027276e-01
1.712227376684442304e-01
2.027554374449203889e-01
1.909291967797900891e-01
1.683294650694656391e-01
2.006756284068720031e-01
2.146472220870232483e-01
1.864334896327465574e-01
2.008633028423990330e-01
1.541322896203510817e-01
1.586863719254268668e-01
2.168131871737107308e-01
1.829112154049462313e-01
2.128444381418561904e-01
2.072807301051588780e-01
1.834104216606056437e-01
1.755958806087526691e-01
2.019460856116814251e-01
1.752802010921739873e-01
1.572303599625599901e-01
2.015223215974558113e-01
1.988787430909387810e-01
2.060426886206258301e-01
1.936521095659337610e-01
2.157206787289266403e-01
1.460321317496752758e-01
1.325814091590990507e-01
1.718977439841483379e-01
2.010434815534593300e-01
1.327021801176185567e-01
1.652223208191251902e-01
2.063521942059835246e-01
1.756594946474811514e-01
1.635413515930588535e-01
1.740474361491090582e-01
1.825047575841040604e-01
2.424796696399849072e-01
2.151528327892152370e-01
1.542815288606714241e-01
1.634081822696186181e-01
1.759083248455229065e-01
1.753702025307877499e-01
1.539259098283089489e-01
1.334111185750205542e-01
1.703215897937313261e-01
1.424607104620840836e-01
1.381981295716457614e-01
1.544041779264148928e-01
1.505382734041675885e-01
1.291725916145687325e-01
1.658421452192505030e-01
1.447459958159724724e-01
1.416351923795496626e-01
1.425169086743289237e-01
9.526273731646006659e-02
1.226649096106962045e-01
1.494967677393185534e-01
1.376784942072158680e-01
1.425605380006161882e-01
1.037828859015968025e-01
1.036820089138331125e-01
1.023880387834210925e-01
1.394472628559214611e-01
1.395256475020359987e-01
1.332680554962872299e-01
1.226906070248384301e-01
1.486678584362826905e-01
1.292858991628929033e-01
1.139434266009888702e-01
1.289727261398296854e-01
9.300390654057827389e-02
1.096659329910741193e-01
1.461172660346254371e-01
1.366994999037857705e-01
1.731927163312900197e-01
1.602797842199126244e-01
1.736554429874212213e-01
1.418344271373258858e-01
1.718800803557577750e-01
1.547721194553529356e-01
1.313840749160525567e-01
1.290334117992736063e-01
1.589713576064976652e-01
1.561463193700635688e-01
1.182152948607911730e-01
1.155145569529041349e-01
1.125449146982402115e-01
1.325985126548061555e-01
1.278771675045937972e-01
1.549524877216491014e-01
1.198184497993226710e-01
1.520838367206380770e-01
1.456130019644107099e-01
1.480649023497383199e-01
1.204118504758389663e-01
1.702050040097690675e-01
1.340926393566984620e-01
1.705841197340448867e-01
1.380025851308769314e-01
1.328326360935541961e-01
1.277121541100226243e-01
1.331041496790546508e-01
1.288736609921958265e-01
1.415763368585846727e-01
1.611439304847346876e-01
1.644840439340562177e-01
1.909435059526130296e-01
1.429809821315942420e-01
1.270108962058515978e-01
1.634871772609638452e-01
1.595171911225952699e-01
1.479602959797544914e-01
1.584092246630476042e-01
1.492848268197827233e-01
1.582582602165461816e-01
1.441002054547902422e-01
2.113651481501303275e-01
1.622177477634052511e-01
1.408977773868193284e-01
1.296006483855591807e-01
1.520411692790138991e-01
1.381298144334770772e-01
1.443614026849299181e-01
1.294379665660020939e-01
1.735515075017967090e-01
1.412549048208651403e-01
1.445100790882569153e-01
1.552390580961417466e-01
1.365685324319932115e-01
1.586810846414745402e-01
1.276742826705064004e-01
1.373536087957179241e-01
2.250821405953523091e-01
1.822645718819901339e-01
1.449045192643267366e-01
2.075560094268830147e-01
1.425355726546321533e-01
1.457884782119296951e-01
1.391806022984569402e-01
1.514862357288015438e-01
1.687525232188107904e-01
1.433030717125928222e-01
1.942324075392209970e-01
2.365903382909638475e-01
1.404684863918590487e-01
2.372772466570247651e-01
2.166216226855277316e-01
1.915093924526077018e-01
