1.503671177147600235e-01
1.509873062904529550e-01
1.513156758279954883e-01
1.520010044546374339e-01
1.450896741053133709e-01
1.449083477573444578e-01
1.445884487910131244e-01
1.462621251907494646e-01
1.439256444898234233e-01
1.415380971241791686e-01
1.428879504388284039e-01
1.403087296388308980e-01
1.376622652950124093e-01
1.324707420376265987e-01
1.301224488820534597e-01
1.260584817949229608e-01
1.236771861704007019e-01
1.237091455728679401e-01
1.156699614025740175e-01
1.052384117685272735e-01
9.847761972365376426e-02
9.235381431374685424e-02
7.751239051903768829e-02
6.885200758709349167e-02
6.049318487438895553e-02
5.394285617959207468e-02
4.491413331879777482e-02
4.542573855510318587e-02
4.521087728361868757e-02
4.717998638511710502e-02
5.528838659457145643e-02
5.219451122277811439e-02
4.872539256892642612e-02
4.931876731697702743e-02
5.637750213090119561e-02
5.240515017229013806e-02
5.242859967684338623e-02
6.841815024865594008e-02
6.135100057896101383e-02
6.965127102809778870e-02
8.071539502581567826e-02
8.272313624658672593e-02
8.363416433932716054e-02
8.645618312288225193e-02
8.223665198489527040e-02
7.415416382004785811e-02
7.355055167323579224e-02
8.045636887282545113e-02
7.172502597030999683e-02
6.456003914615744688e-02
5.976916849126498454e-02
5.660601305878389111e-02
5.462832300967600252e-02
6.188971468131402448e-02
5.700956972241931486e-02
6.003501358230103890e-02
5.430194857664215335e-02
5.021370536223278280e-02
4.488168461882677956e-02
4.593506247041791862e-02
3.195008961316878060e-02
5.034343105993589057e-02
4.989315873249937361e-02
5.272056328777132567e-02
5.875236064226049132e-02
6.207962718985001599e-02
6.167587465513303668e-02
5.794684716790365203e-02
5.879605944724812516e-02
6.538836264668329568e-02
5.491966978798543814e-02
6.192731849172936065e-02
6.061111343453560313e-02
6.262303800552024291e-02
6.635554788711495178e-02
9.161573639878975439e-02
8.179263727672711481e-02
1.084347043438032149e-01
1.153662825047856721e-01
1.036160532585296279e-01
1.002036547694964419e-01
9.619552200705129563e-02
9.506614211501160372e-02
8.836105779288178086e-02
8.706998835147816695e-02
1.128416415934618278e-01
1.138682265854142339e-01
1.057718436346850033e-01
8.134959132752955790e-02
9.598242369998520596e-02
7.979990030983846738e-02
8.885850368480391337e-02
9.012549620143456286e-02
8.082138770502894642e-02
8.029466920334693558e-02
8.850893705744590501e-02
9.622139111495198183e-02
9.261942267591419253e-02
1.137549898725117858e-01
9.987280563299827385e-02
9.916676866566895288e-02
6.865299507230945841e-02
1.139895451224020723e-01
8.821522063582146189e-02
1.001057508797907614e-01
1.178629305885324774e-01
1.010561101503226478e-01
8.342911350690355998e-02
9.168185893580826917e-02
7.542739468907161404e-02
9.528810530523695865e-02
1.033936644921919223e-01
1.140426218685126614e-01
1.200928716083433934e-01
1.163806197565887546e-01
1.276788257041652219e-01
1.056544556652528333e-01
1.337547706433667161e-01
1.361672280720923611e-01
1.411658631249199936e-01
1.376199619630214532e-01
1.376216283433509269e-01
1.338398497378792684e-01
1.287705307808142685e-01
1.173619111406121324e-01
1.194073842139396630e-01
1.178298375631200989e-01
1.241269850729314339e-01
9.539511111051844627e-02
1.444226235051633001e-01
1.169613902995396693e-01
1.429148443551080117e-01
9.755236093285975241e-02
