2.057140962089764602e-01
2.046174363684220565e-01
2.047419575208586640e-01
2.061704509105138361e-01
2.053527361704584053e-01
2.059651800304990732e-01
2.051506780876563019e-01
2.063797691793125277e-01
2.055115795337531526e-01
2.065760235077887530e-01
2.064789605240098802e-01
2.067463702167561534e-01
2.063858635672247976e-01
2.064587175409310082e-01
2.062225614940030871e-01
2.087182856361358974e-01
2.073624017859366231e-01
2.071905007457473524e-01
2.068340478594309639e-01
2.068324012044704119e-01
2.061350502107128502e-01
2.070956058539313027e-01
2.071242532255016533e-01
2.073180983061914673e-01
2.081759142404303875e-01
2.065235281454212979e-01
2.073827894554264306e-01
2.073332563889340174e-01
2.080702961037941001e-01
2.072561000475809656e-01
2.072420426842216112e-01
2.068243815815777320e-01
2.060529698366635187e-01
2.052900820208158617e-01
2.047794321433895892e-01
2.063711938494492693e-01
2.048464282545648385e-01
2.050557044587238698e-01
2.037169750259640588e-01
2.036100188015008139e-01
2.041854885577971679e-01
2.039676759048515142e-01
2.026934607345896033e-01
2.031673403026144631e-01
2.026043071465734868e-01
2.033388212053308941e-01
2.010601937617818580e-01
2.025417306331313283e-01
2.022618559522369741e-01
2.020346424334043267e-01
2.015972088109407867e-01
2.010507762323160419e-01
2.007154238017844483e-01
2.012403002224177895e-01
2.019863683760110551e-01
2.004524229413018055e-01
2.005318799286062437e-01
2.011025149647689414e-01
2.012066143659023143e-01
2.004327511343622081e-01
1.997921150578267635e-01
2.001155547648419963e-01
1.999956676508435616e-01
2.000142446336317104e-01
2.004538561036309230e-01
1.997788469316917337e-01
1.991972688135968950e-01
1.998160079898466668e-01
1.986843246844176292e-01
1.986169343365832840e-01
1.983000369929987794e-01
1.985297456430609453e-01
1.987796309959738439e-01
1.986718333438823314e-01
1.979737451781422852e-01
1.978357595457330975e-01
1.983486974430402616e-01
1.969233747435371329e-01
1.969847444225834854e-01
1.969224200711960360e-01
1.965168742819399794e-01
1.976570731887572485e-01
1.969775244326580632e-01
1.966202749403312966e-01
1.952818471217730167e-01
1.966797992515367244e-01
1.957187086989626845e-01
1.974479293128089674e-01
1.966020602633176961e-01
1.969606552767426133e-01
1.962420277993691398e-01
1.964060638597498187e-01
1.945278552483376278e-01
1.963527654270001421e-01
1.963378209077160930e-01
1.946401879305824645e-01
1.939103877026023270e-01
1.952600867404098439e-01
1.976711796991790226e-01
1.964452734675672385e-01
1.963831375688992464e-01
1.976800673047403867e-01
1.967330041978179733e-01
1.987060623524684044e-01
1.971540317904580952e-01
1.937393217702736981e-01
1.930094422765762374e-01
1.940456217153529450e-01
1.950837463013387896e-01
1.953849213107269056e-01
1.934096549804523446e-01
1.960214504984209294e-01
1.946708139933050197e-01
1.951217696607969732e-01
1.954573629831986292e-01
1.959727359694259097e-01
1.945508483083981388e-01
1.945002096262969105e-01
1.937430634230492277e-01
1.936288996881613822e-01
1.927250462206229198e-01
1.934113932623396093e-01
1.949001411856343680e-01
1.924586301640493213e-01
1.924482126257057446e-01
1.921220087662778297e-01
1.938006995029439017e-01
1.937178812145523010e-01
1.935211065073528802e-01
1.917623070560163512e-01
1.904309727819766540e-01
1.909679247826832627e-01
1.924715682154469198e-01
1.915341541127815739e-01
1.920570720190339364e-01
1.919386902273149398e-01
1.926973986468401567e-01
1.922331084158879211e-01
1.923079757556011848e-01
1.897650647480598196e-01
1.908471453965079057e-01
1.903479739509261748e-01
1.939542806020062293e-01
1.928149083477624648e-01
1.941940293063942613e-01
1.933598465382554143e-01
1.928727934152711376e-01
1.935710930047117584e-01
1.938795342102813124e-01
1.939834337471100234e-01
1.952285144729178634e-01
1.918771018909550263e-01
1.913122605174575053e-01
1.922303637881001004e-01
1.930079109121890790e-01
1.943305675394554066e-01
1.945012106998340595e-01
1.940389949062477914e-01
1.951017151447949072e-01
1.934949407203768457e-01
1.948763593644548819e-01
1.917022856531825359e-01
1.922173339290370875e-01
1.927625051937868483e-01
1.925820525602213451e-01
1.926931200078713935e-01
1.905708037026831447e-01
1.912653583851095240e-01
1.920285572566426957e-01
1.904673894124807310e-01
1.912714512540674983e-01
1.921841211489390966e-01
1.913745792115735811e-01
1.915839129658886697e-01
1.918461190498200464e-01
1.909787114792385887e-01
1.902824836189090096e-01
1.903163120014910170e-01
1.914063770466105374e-01
1.904637022785033162e-01
1.899520041277502624e-01
1.899315239103424313e-01
1.909150872128575205e-01
1.905735601304130444e-01
1.908710605052508225e-01
1.918950709438409230e-01
1.905064842368706657e-01
1.899562108907306146e-01
1.903508553044139795e-01
1.899788613473540611e-01
1.905567630693468517e-01
1.894342541571233940e-01
1.896661885593734220e-01
1.887640859679604599e-01
1.905407279625474237e-01
1.912217972566815083e-01
1.919043318942381948e-01
1.926348752715282275e-01
1.917552458961215844e-01
1.915012375665172406e-01
1.901032007078405084e-01
1.917928111481577436e-01
1.897463195105547618e-01
1.901068175804972726e-01
1.907893227181687301e-01
1.907295135238094852e-01
1.891005947010299115e-01
1.906942557651585268e-01
1.890009109938959875e-01
1.891896349727348881e-01
1.884955726824097955e-01
1.892113615634728185e-01
1.897947826458855070e-01
1.906654366837371717e-01
1.897653379264230555e-01
1.916042741057201737e-01
1.917301058502553224e-01
1.917696585654848074e-01
1.917986941292444125e-01
1.909109407175471895e-01
1.914760282784501444e-01
1.917565465064602903e-01
1.913830026877611223e-01
1.897767287430461303e-01
1.915127905557481303e-01
1.903913743537623271e-01
1.913320448541843966e-01
1.902407362213539010e-01
1.917946663475398328e-01
1.922211858791334771e-01
1.932984140826604635e-01
1.935568622520074389e-01
1.925728517769862147e-01
1.919129845030026760e-01
1.915311751869905321e-01
1.927240672798781473e-01
1.907592862758429875e-01
1.929558416622100259e-01
1.953195700568914339e-01
1.953220934787978091e-01
1.955369290040201158e-01
1.951524784645401189e-01
1.947857136704445880e-01
1.948092793113228860e-01
1.948941728384923355e-01
1.951847151833999428e-01
1.949898637011982239e-01
1.964802113329941202e-01
1.970830564076639091e-01
1.957766326204431750e-01
1.965739397669573896e-01
1.962597656947426550e-01
1.952885291687425084e-01
1.971893046772854596e-01
1.965075897830950991e-01
1.978188202518696148e-01
1.971819001099357482e-01
1.998672862787417015e-01
1.987397970251259804e-01
1.963147411861487224e-01
1.986987065735482394e-01
2.016275407168316713e-01
2.006893770682911249e-01
2.011576016607121153e-01
2.025444904505918908e-01
2.001982646487826534e-01
2.015738150688428654e-01
2.039061739846253496e-01
2.051684775033272012e-01
2.032598453138612371e-01
2.015973433973672901e-01
2.041126762246475157e-01
2.037266841778221926e-01
2.041295876532509546e-01
1.996277615564630847e-01
2.016329697365830675e-01
2.053287017591247654e-01
2.048620492302460627e-01
2.061024116533606843e-01
2.048673448598474778e-01
2.026437712902021127e-01
2.052964171247156633e-01
2.067283521511336375e-01
2.062550476387664811e-01
2.085033983547111003e-01
2.052872835426201581e-01
2.056232812574145530e-01
2.021468542653536427e-01
2.038801758562785171e-01
2.005820452786485908e-01
2.058714213508525681e-01
2.037758838542139961e-01
2.051702848841273352e-01
2.029144243718421781e-01
2.076594551463638860e-01
2.043546359433543180e-01
2.020184407271977400e-01
2.060598358657899920e-01
2.076480230820480222e-01
2.090793433113710964e-01
2.062129664422325814e-01
2.096899548515028244e-01
2.079560442813816190e-01
2.089033019654411016e-01
2.078439936197588878e-01
2.061579316561355790e-01
2.059965375130610454e-01
2.007231713405352169e-01
2.046693559405742546e-01
2.069413547053801927e-01
2.058324414060134500e-01
2.049753609570555968e-01
2.070607612091798777e-01
2.059236284496664959e-01
2.105481883725455194e-01
2.032842514739307549e-01
2.038104563522476487e-01
2.062157453978610555e-01
2.105262109156285921e-01
2.096693122617022675e-01
2.134614109076595212e-01
2.149466521322191404e-01
2.090502028793173317e-01
2.196173449413887091e-01
2.071596937732772536e-01
1.980893677458498980e-01
2.088563076760394099e-01
2.131009914066525346e-01
2.143014193810520163e-01
2.086842728556417281e-01
2.128759053672281965e-01
2.122272501840066772e-01
2.144906575166855844e-01
2.167651335416359848e-01
2.139427256812109213e-01
2.080998479874977825e-01
2.127031217583379430e-01
2.118436459141061212e-01
2.151553526762458035e-01
2.229734198127139855e-01
2.128569443635321412e-01
2.143594814714982477e-01
2.116447151209747690e-01
2.056672393855848158e-01
2.117107184009136833e-01
2.169845490791781351e-01
2.076460896824720570e-01
2.196452087667910003e-01
2.116063879520437563e-01
2.177249691025158196e-01
2.305438353861523071e-01
2.009180966135817870e-01
2.302267411779398976e-01
2.101308777064774536e-01
2.197926041248785822e-01
2.051264003007211845e-01
2.110994373914646671e-01
2.255137559132558145e-01
2.114177726619672626e-01
2.174935633633194310e-01
2.197453921500442109e-01
2.143723076784581905e-01
2.250128459962419947e-01
2.128425710875035404e-01
2.141015555090032829e-01
2.163572682123680313e-01
2.144690830380449331e-01
2.148934447576968665e-01
2.168243600852034769e-01
2.143437458223702852e-01
2.176796046933930917e-01
2.136301460962498344e-01
2.239828437639890257e-01
2.183512838687211022e-01
2.205713934029005230e-01
2.100194570770589075e-01
2.093556177171484733e-01
2.098378125592217092e-01
2.070016090929134855e-01
2.180908847820716423e-01
2.184995127209649335e-01
2.236665159187775920e-01
2.071648360718282567e-01
2.169741739244362144e-01
2.130880775065346899e-01
2.116992006583532371e-01
2.072486906707267373e-01
2.035351812233846536e-01
2.128847574026204448e-01
2.138036208592597187e-01
2.134580159001780164e-01
2.221799395310896930e-01
2.120773885771994605e-01
2.084238480731599452e-01
2.183552318672074555e-01
2.158867916284007427e-01
2.203785337520501597e-01
2.092883120079708781e-01
2.144040412188847888e-01
2.101181053790517061e-01
