nan
1.253274101582772249e-01
nan
nan
nan
nan
nan
nan
nan
nan
1.138188870126704832e-01
1.101327047965662415e-01
nan
nan
nan
1.063392828803163548e-01
1.166290360649318569e-01
1.055138542761163145e-01
1.052354893764851224e-01
1.218125862606548315e-01
9.641654668301269382e-02
1.170291052309343216e-01
9.171216498006705409e-02
1.145420702582066463e-01
1.115107731322148577e-01
1.180827799701972408e-01
9.973424957871682150e-02
1.107459637116031681e-01
1.164340936272582477e-01
1.088272063515373506e-01
1.173740268367716305e-01
1.142993407568123482e-01
1.032862010399344388e-01
1.053951617784830153e-01
9.493281569710441958e-02
1.074185698224435631e-01
1.003674665115606157e-01
1.072708577484165759e-01
1.057626218205102164e-01
1.006072796800650537e-01
1.032708489403252883e-01
9.764361572880654594e-02
9.451864727427077006e-02
9.425573915141172154e-02
9.586569460518065688e-02
9.699649106046734359e-02
1.007638153927814251e-01
9.885688822160208777e-02
9.145663346786114811e-02
9.696254863761362419e-02
8.958354812686986079e-02
9.366771060432517448e-02
1.000061651087427728e-01
1.010811559487626576e-01
9.165654823048929867e-02
9.359507599179864301e-02
9.644610029229697123e-02
9.352227349311141580e-02
9.517455766715571253e-02
9.644553348875253840e-02
9.463894641279901876e-02
9.088103961953729326e-02
9.382685426871666123e-02
9.187231611785982854e-02
9.553773174514401667e-02
9.891421181574287791e-02
9.350211834047875148e-02
8.969098552028179072e-02
9.595529981280701004e-02
9.700244484483644403e-02
9.150527140829925465e-02
9.351031588340724676e-02
9.206809828084788760e-02
9.002193730481926337e-02
8.831787705364521623e-02
9.281569489951438379e-02
9.272227513743766525e-02
9.676774513408060996e-02
9.191173459388055078e-02
8.886845048738112318e-02
9.903748222873556828e-02
9.435981612607283187e-02
9.771783508336574775e-02
1.006573558254408307e-01
8.840553241434054299e-02
9.475534973670776684e-02
8.966696778304800164e-02
8.961988194873504732e-02
8.647205647968998765e-02
8.936981313458880472e-02
9.120269815478219966e-02
9.300501522380406894e-02
9.117939974630737132e-02
1.033372834705316712e-01
8.984286792641313357e-02
9.042249154458134597e-02
9.306599369375723185e-02
8.675866014174855867e-02
9.096401919108935974e-02
8.697918977494263626e-02
9.480194577719305848e-02
9.638363824297319082e-02
9.355130959061538909e-02
9.264068847549730701e-02
1.018290942435524649e-01
8.808211354640647917e-02
9.631284047266638892e-02
9.928960939597800128e-02
9.513257090424567797e-02
9.366336596888058530e-02
9.034058837085082172e-02
8.991452792278625816e-02
9.950586253532928138e-02
9.655131202922891120e-02
9.380503320139561840e-02
8.877061925759877070e-02
9.808478808222523271e-02
9.480930621447838935e-02
8.451557635041917482e-02
9.305877221996372572e-02
9.828362468740188540e-02
9.394321575113848133e-02
9.111786242911318334e-02
9.348808313636342016e-02
9.164649524072626674e-02
9.252485810483027096e-02
9.969435385122754623e-02
8.987513717195683149e-02
9.367190578830367209e-02
9.254813673277346997e-02
9.690439426162500425e-02
9.176751939709354433e-02
9.046863046735019454e-02
