1.299765161740094599e-01
1.199615666304441886e-01
1.245945444975027350e-01
1.242668515513992156e-01
1.218391631141347714e-01
1.200298350068971232e-01
1.211165615338642421e-01
1.230108283145397996e-01
1.103694525767412171e-01
1.146255892289114175e-01
1.196722158384305734e-01
1.142507202972895680e-01
1.072248350178764409e-01
1.158318096918553031e-01
1.112461250415889419e-01
1.170878639344375693e-01
1.100387673254355214e-01
1.079752033756484486e-01
1.135081990790139106e-01
1.125787694035328274e-01
1.162829878714357751e-01
1.114562513937450289e-01
1.113791401946689352e-01
1.143951020747135255e-01
1.133608532842667604e-01
1.066170604308623593e-01
1.100927956027436261e-01
1.054680129172398950e-01
1.049070977962524021e-01
1.015750571763349708e-01
1.029706539426275685e-01
1.018213344826188194e-01
1.043710835512328128e-01
1.046707574615790420e-01
9.506980256785263483e-02
1.000398254569003220e-01
1.016176009924505685e-01
1.011424538775681226e-01
1.007710379584555727e-01
1.060774807286827270e-01
1.014530770239716884e-01
1.044312923024550976e-01
1.059134815700447374e-01
1.134289487856519896e-01
1.067356619174751331e-01
1.107761400969582005e-01
1.137206293811445779e-01
1.084948629280617360e-01
1.062244865068691368e-01
1.053441765549490983e-01
1.098535437969887368e-01
1.083791194799965663e-01
1.097611162425894127e-01
1.146008296683485445e-01
1.108882910264525623e-01
1.116201777411320040e-01
1.113481259673133605e-01
1.157430539132049407e-01
1.089504470446716333e-01
1.059633133058905802e-01
1.165484609029928120e-01
1.153204743010514816e-01
1.106303294250132185e-01
1.066867528088245032e-01
1.058682187357468385e-01
1.079680704256330004e-01
1.033626494540358931e-01
1.066288011027399785e-01
1.010518601108133380e-01
1.012763574979679559e-01
1.067022748390597242e-01
1.121861691157024776e-01
1.057379565883318773e-01
1.067561115750451511e-01
1.037535704859646191e-01
1.092129489635059042e-01
1.034192452780598181e-01
1.083440162011318486e-01
1.083701443978187240e-01
1.043673100271575727e-01
1.020594728400615880e-01
1.096076605564905437e-01
1.118518813218600527e-01
1.043029888257702986e-01
1.035974191749510498e-01
1.024263779821359549e-01
1.031877084259264776e-01
1.071869298461651243e-01
1.011083930355336918e-01
1.044361372522620568e-01
9.566683611106260865e-02
1.059454856825968044e-01
9.456891687865087714e-02
9.987487292643978942e-02
9.899238620369749109e-02
9.707217345284993582e-02
1.026377217905697775e-01
9.629844149570612744e-02
9.685176469436154734e-02
9.539716884673007935e-02
1.012300849465354036e-01
9.637044488639813500e-02
9.644706108203521255e-02
9.698435813559772023e-02
1.012955189177422860e-01
9.914715643158156233e-02
9.808824468958787790e-02
1.008569749239687785e-01
9.833221200653960437e-02
9.680035359331282119e-02
1.033534844639100864e-01
9.944809359517492453e-02
9.795342230680322004e-02
9.967957987632711236e-02
9.654826351246208194e-02
9.805959166233511881e-02
1.000188325976482800e-01
9.591618820483606422e-02
9.935000730485074594e-02
1.026956297986908184e-01
9.978033118230256182e-02
9.961062262387263000e-02
9.739417515919245039e-02
1.007682433915754044e-01
1.017566580378704566e-01
9.904695035200843101e-02
1.017145745543809321e-01
9.744880096938257630e-02
1.015947241916474175e-01
9.635036035713287483e-02
9.789946720967389326e-02
9.638904502784030603e-02
9.834782340385155031e-02
