1.613582744804147873e-01
1.622284562010609110e-01
1.617289250036746950e-01
1.654624461751822151e-01
1.532316631626105541e-01
1.550411029548623421e-01
1.543763654874370506e-01
1.571240215446256250e-01
1.546610174525810955e-01
1.532557488186196692e-01
1.545996545673107014e-01
1.506224828774117563e-01
1.485092293775357453e-01
1.425277930981484475e-01
1.460396894594568895e-01
1.406825642810017873e-01
1.390738479713653497e-01
1.420092964772426414e-01
1.327854735943861386e-01
1.287910977571553595e-01
1.213237491497521636e-01
1.214529782495266247e-01
1.149866247007750863e-01
1.055226515049368791e-01
1.007752932526645023e-01
1.022192069477211723e-01
1.028127943156476182e-01
1.039668999018670131e-01
1.048735396321085617e-01
1.049688143863128365e-01
1.058651062589759662e-01
1.051250910622062440e-01
1.053481471118181134e-01
1.075639949772998205e-01
1.099710514222610458e-01
1.085307650722526496e-01
1.101724041280981448e-01
1.131250910361073503e-01
1.068342499072167523e-01
1.108140126456701874e-01
1.168747836026497317e-01
1.170905574063319521e-01
1.145990426171605292e-01
1.182327197910977290e-01
1.147191653312358423e-01
1.105030952001715139e-01
1.126087594804223158e-01
1.157110305898211011e-01
1.137534723127448938e-01
1.115264147267506223e-01
1.111859221439253503e-01
1.104006075620007354e-01
1.087727806346497628e-01
1.117005226560821574e-01
1.093778955309103185e-01
1.106372747671316298e-01
1.071441259613074570e-01
1.075481412966717565e-01
1.099192539257525109e-01
1.065861848675865031e-01
1.094290377952053389e-01
1.072118439771701237e-01
1.079032584312888537e-01
1.077171246473032640e-01
1.053200156184311842e-01
1.053569563264539904e-01
1.056274158619709275e-01
1.059525289832074502e-01
1.061362504377104665e-01
1.075330817041220965e-01
1.063963237123672911e-01
1.054504747254270541e-01
1.069007346109788481e-01
1.046277228442212825e-01
1.058955637344553974e-01
1.051737832143448959e-01
1.068617904865730994e-01
1.057106556129152886e-01
1.071990182198646058e-01
1.049540801284057634e-01
1.076120432099482022e-01
1.059744527511759238e-01
1.045560750614161205e-01
1.097213114149947488e-01
1.038195042983330041e-01
1.029474984803535054e-01
1.061061166688797575e-01
1.050179408826692057e-01
1.011160278628786408e-01
1.018087876767923838e-01
1.058544970068718560e-01
1.055246204017052936e-01
1.038329824252233469e-01
1.056381116885259375e-01
1.059513727924750737e-01
1.088073832991735823e-01
1.045048989170428433e-01
1.046003809838345899e-01
1.062272339111276082e-01
1.050792554403626455e-01
1.031232094513455655e-01
1.061142438173645342e-01
1.048369387750190396e-01
1.050080321634884184e-01
1.047957955147161280e-01
1.061476895709917156e-01
1.035217741795207563e-01
1.064198920277918126e-01
1.048543091790729853e-01
1.039194651315666074e-01
1.048588056279479985e-01
1.029537789178204266e-01
1.059222455088653647e-01
1.096854264311800387e-01
1.110240215578546519e-01
1.168649230034864428e-01
1.144679308848122051e-01
1.148164224220145357e-01
1.084139929330932284e-01
1.091443751755412500e-01
1.065067771870710500e-01
1.092626753573450321e-01
1.096085689710163680e-01
1.062549556480520269e-01
1.093639378197643064e-01
1.090579358046752795e-01
1.068335665049798544e-01
1.045455126199485996e-01
1.112414693550697886e-01
1.113472927749021013e-01
1.144541194765391207e-01
1.082866999660901941e-01
1.133485685899269652e-01
