1.674576611531826964e-01
1.608450862294952821e-01
1.552934842135824944e-01
1.417908143700272461e-01
1.620523926061818720e-01
1.627289099127572081e-01
1.683950007444696695e-01
1.603363123000021706e-01
1.437998362545063191e-01
1.625956864578929073e-01
1.581900106812018092e-01
1.477867866128681484e-01
1.625968572600401951e-01
1.610179290975553568e-01
1.480974990041365458e-01
1.622326578858309110e-01
1.593384041387892192e-01
1.570281709308577744e-01
1.402588265572686788e-01
1.371108185806904634e-01
1.508879927756808237e-01
1.380787568501554707e-01
1.334178824280549125e-01
1.437431736101990876e-01
1.321140598478774963e-01
1.278576552862768223e-01
1.244935845772554422e-01
1.247929669293003641e-01
1.140587766581760143e-01
1.228397609203100704e-01
9.861661645470563842e-02
1.049594321014055143e-01
9.622274336486595636e-02
1.063921415129440440e-01
1.002032739540747314e-01
1.062304078309185551e-01
1.034904130249843512e-01
1.143820372490964993e-01
1.161931313804231702e-01
1.030198679893890856e-01
1.132902769862457193e-01
1.041393603755682296e-01
1.027963306020818618e-01
1.099302846131835071e-01
1.085012979864180827e-01
1.121789651876522603e-01
1.093351708024924152e-01
1.145057007296500229e-01
1.146299136614385705e-01
1.060224077702491968e-01
1.100143296436769946e-01
1.151787983449990560e-01
1.072270515826579534e-01
1.088908688270049246e-01
1.057691104566387125e-01
1.088661717574801457e-01
1.111241508962126090e-01
1.079369259489796201e-01
1.124189364504901700e-01
1.011877480318017219e-01
1.057692099046411288e-01
1.067085870984063600e-01
1.106732178373344144e-01
1.089908991812560957e-01
1.056734437058229614e-01
1.119108963685168101e-01
1.095188490894469791e-01
1.046525437170230111e-01
1.068250642167171971e-01
1.045205530547802797e-01
1.109224353664318707e-01
1.095881363914205098e-01
1.112966307346101302e-01
1.071399097267016903e-01
1.002884344069955580e-01
1.047829798922500777e-01
1.017527391012062327e-01
9.766441459304806005e-02
1.131220032842212841e-01
1.112665734305318954e-01
1.154697391312423382e-01
1.088457828629135205e-01
1.139451573466362388e-01
1.156216931050264435e-01
1.069947082337339428e-01
1.151302445957378962e-01
1.107984045709668741e-01
9.767859593641881055e-02
1.033873026409314333e-01
1.095718151994177214e-01
1.096970680691761457e-01
1.096591061584759885e-01
1.001483597024399042e-01
1.056195657520088288e-01
1.132350076489314905e-01
1.127529721034134513e-01
1.110090410564527619e-01
9.806307475795544848e-02
1.077517558692870636e-01
1.116888550220678789e-01
1.069930732538133533e-01
1.133700138393901602e-01
9.800392814450732681e-02
1.006660255328933468e-01
1.028350915050604275e-01
1.088089790328234940e-01
1.033356903819108163e-01
1.060183904317653636e-01
1.033553767983493715e-01
1.047457407413861508e-01
1.119713786988784099e-01
1.124985100992436093e-01
1.094521852679342655e-01
1.065928739148455928e-01
1.124733234064669157e-01
1.133376211591710370e-01
1.095026712320346096e-01
1.027059119564175116e-01
1.043970947655110670e-01
1.072207639182648775e-01
9.858232217682262599e-02
9.901433140575156833e-02
1.056479517161355297e-01
9.828215190209665941e-02
1.008391569392851350e-01
9.895997238071846391e-02
1.020994788816042970e-01
1.010935648582935165e-01
1.017090424986192843e-01
9.658014531226499777e-02
1.021922707394894436e-01
1.068350908544740963e-01
9.830894734530842838e-02
