2.174243451898842661e-01
2.177876243558430902e-01
2.190642460431682370e-01
2.173378277602984188e-01
2.160106225657411894e-01
2.177582414246224396e-01
2.178515449394719250e-01
2.187286215637144204e-01
2.131203172662285705e-01
2.199234968442536076e-01
2.168659477374477451e-01
2.153470566655577012e-01
2.150299962734779080e-01
2.203981873242305545e-01
2.168949842644964654e-01
2.174581088722306044e-01
2.183112377441081831e-01
2.167202254784818261e-01
2.201178551426682395e-01
2.221129164731968364e-01
2.191125235487246525e-01
2.207524060446653946e-01
2.240586842690085456e-01
2.216309191835119374e-01
2.198027629615211531e-01
2.197104523579387070e-01
2.211774087598374905e-01
2.233593164349006177e-01
2.194577663636577691e-01
2.223274847396157772e-01
2.217242688062102673e-01
2.196441542061625396e-01
2.237185093560329630e-01
2.218018920949460238e-01
2.194480955909753617e-01
2.195610140716921788e-01
2.250634738043031657e-01
2.240866787988374520e-01
2.233124597607054618e-01
2.256759940096900174e-01
2.194678821886940912e-01
2.250480447349267332e-01
2.245073172643178017e-01
2.251747936020603580e-01
2.235100997251684707e-01
2.191239644055801850e-01
2.239636309487731403e-01
2.269110138018337886e-01
2.262331494722348846e-01
2.251268218358848938e-01
2.236361137411475575e-01
2.224342288729103112e-01
2.172947709590556109e-01
2.216502213459675963e-01
2.226050456192010807e-01
2.225386291595888855e-01
2.213980743449821542e-01
2.235932141055314015e-01
2.260034531737476204e-01
2.224198683970860235e-01
2.241971579722107921e-01
2.208816395224549034e-01
2.244190934380111135e-01
2.254569089108756919e-01
2.292937519107706434e-01
2.225949062827382030e-01
2.244258776848291337e-01
2.242812485474819650e-01
2.284392348284630114e-01
2.250626669818888981e-01
2.214474583431000898e-01
2.261325626741564343e-01
2.242001450877753599e-01
2.228825944839480377e-01
2.238238706730918404e-01
2.291529350067701698e-01
2.281788069289967802e-01
2.294088843373578157e-01
2.315416640655251490e-01
2.244803360942955184e-01
2.226501743204269135e-01
2.237418238674297177e-01
2.248008865930077316e-01
2.230966154921671385e-01
2.159994244281133735e-01
2.177852405256062440e-01
2.222940456265905251e-01
2.170570277834883433e-01
2.170079418260237314e-01
2.178096733879159586e-01
2.176244790315199906e-01
2.125913087265927370e-01
2.186744227982813926e-01
2.163860231848977189e-01
2.149905746385641914e-01
2.155454767967011909e-01
2.155965878626577015e-01
2.101011262321971496e-01
2.185090238996879597e-01
2.114873253759465277e-01
2.173508702789938019e-01
2.198208978101038324e-01
2.116916746418577300e-01
2.113940248021889401e-01
2.153482693288248928e-01
2.178364807834031747e-01
2.115359559747544971e-01
2.106298361064223579e-01
2.128138942257976340e-01
2.068463133038405399e-01
2.049794138921607334e-01
2.071197209214258872e-01
2.082398530999891029e-01
2.106706329794981181e-01
2.080522337488135698e-01
2.093924104367212713e-01
2.069588512904546596e-01
2.027660047187415937e-01
2.064378798979744911e-01
2.046416256966082925e-01
2.035883220050131448e-01
2.003239688073996383e-01
2.056275501598741895e-01
2.034699682121665909e-01
2.051299498835129076e-01
2.045743336135599499e-01
2.056410441120687382e-01
2.043463204232372765e-01
2.066052210077972406e-01
2.076528562398682054e-01
2.078217970246863389e-01
2.047188293571574891e-01
2.052152618356106184e-01
2.026296867647615074e-01
2.033120010615803996e-01
2.024409780567971440e-01
1.985651676941115051e-01
2.016087601520920591e-01
1.994603991871512771e-01
1.994298339314488355e-01
1.951251149166544907e-01
2.007895152170004194e-01
2.015275934161081806e-01
2.015094050258845471e-01
2.047865723733156007e-01
2.040468144409952889e-01
2.023246921467508341e-01
1.998811321646470907e-01
2.025036192249309031e-01
2.014921221862283063e-01
2.009700719623870036e-01
2.015233396033994928e-01
2.014685359909783591e-01
1.979666742052323958e-01
2.051703101441953170e-01
2.004451040886094937e-01
2.012957011756744685e-01
1.976174218918540504e-01
2.033862283904267210e-01
1.979602785339608095e-01
1.983688414360718077e-01
2.011117817543182362e-01
2.046280792783715108e-01
1.976212435567613057e-01
1.985031499708391489e-01
1.979930552348427020e-01
2.003510419887367111e-01
1.996968369058840787e-01
1.946755566392840420e-01
1.990269375735333746e-01
2.045175850006408502e-01
2.012283148448805181e-01
1.972065205826863121e-01
1.989448018635152915e-01
2.014321782152661278e-01
1.939354565896491689e-01
2.001443210482384272e-01
1.998726548208465681e-01
1.981385529081843566e-01
2.005432303750323275e-01
1.988603940735692022e-01
2.022520381305559223e-01
1.998878999653638522e-01
2.028283066137222534e-01
1.999749286214674016e-01
1.901171427050996066e-01
1.993507641722559176e-01
1.954580437064702692e-01
1.948126151366361691e-01
1.939323609629281797e-01
1.960552854668282663e-01
1.942161420558677909e-01
1.943051264228849440e-01
1.965993082073453357e-01
1.958677515842304206e-01
1.964336757823288704e-01
1.893432948100271240e-01
1.911961125348159707e-01
1.927313697711696139e-01
1.964514729979183194e-01
1.964789412504761024e-01
1.985134492184819632e-01
1.968637038575780651e-01
1.983227645798696925e-01
1.990254519662160437e-01
2.008843023265522443e-01
1.952477962507355724e-01
1.948822889468082853e-01
1.977411710969249614e-01
1.959402159849164549e-01
1.927700886094856902e-01
1.975163466344459495e-01
1.921135000242827351e-01
1.946423221068483977e-01
1.918211939741220895e-01
1.942560594277851216e-01
1.946703436416407917e-01
1.919221178008110040e-01
2.007022246063313864e-01
1.958018242087095906e-01
1.942615098696295894e-01
1.925008403688031611e-01
1.905426698012078757e-01
1.958074077513093647e-01
2.025928911893648821e-01
2.007293717025299407e-01
1.962330751167816745e-01
1.990395982543615161e-01
1.993583093978218979e-01
2.011993158685761451e-01
1.976413985611805424e-01
2.027440755772047798e-01
1.967971768539498734e-01
1.942227505037344426e-01
2.006423277052472032e-01
1.967551161904763923e-01
1.944278496188761030e-01
1.923914347719378470e-01
1.946807270772220599e-01
1.973942766235641522e-01
1.954762069298100480e-01
1.925287626358077320e-01
2.005162274383521515e-01
1.985033506337202658e-01
1.999570914164238988e-01
2.010003632887160385e-01
2.032950752371581182e-01
2.029203419531254160e-01
2.014139001907217785e-01
1.987288274390219267e-01
2.012952608119912556e-01
2.013317044116414156e-01
2.025548626928165563e-01
2.013798457790973995e-01
1.948958392819176710e-01
2.031379546725632368e-01
2.015988354874082567e-01
1.987493751826319432e-01
1.960043226693944651e-01
2.013816820386102879e-01
1.975509508146486293e-01
1.923061766671686490e-01
1.934698562586520121e-01
2.013539765882978172e-01
2.022063806062318891e-01
1.807526207579968069e-01
1.817926321936512157e-01
1.834340084543980842e-01
1.818692389219758176e-01
1.860926254055031981e-01
1.824404666356462257e-01
1.888115225766553440e-01
1.953601624090739730e-01
2.089708904705277481e-01
1.918944819634857690e-01
1.939888495659318202e-01
1.945313522516878002e-01
2.027744436704380371e-01
1.931862666563134989e-01
1.871399777832020161e-01
1.964089220589677609e-01
1.889031392749207783e-01
1.986701500243631124e-01
1.923502144944224390e-01
1.886154359649661050e-01
1.941152431837968040e-01
1.893962451166502081e-01
1.919634843017477832e-01
1.947591875511925086e-01
1.878676539065861628e-01
1.909553219254701562e-01
1.943911171143787309e-01
1.950867764147031780e-01
1.924265399652103359e-01
1.942750205478054881e-01
1.940086857173907997e-01
1.960649878639030563e-01
1.877707377580031534e-01
1.876072230918557349e-01
1.933992231791604732e-01
1.998978016843910299e-01
1.891249149749890668e-01
1.940348730769542451e-01
1.897641036459505048e-01
1.911044897394652275e-01
1.944492991253977399e-01
1.893042838428108388e-01
1.897019889938846016e-01
2.035209639100018231e-01
1.950699969073544926e-01
1.848506215829433530e-01
1.925068381651629246e-01
1.777396324365113633e-01
1.917394570747279203e-01
1.862637140467653663e-01
1.893924912315196052e-01
1.955974191963860687e-01
1.913069590588144797e-01
1.882333341670189009e-01
1.918085487456870908e-01
1.858515420371573412e-01
1.993198155930089310e-01
1.852180973714820655e-01
1.872013449645590077e-01
1.981816326701058839e-01
1.889906575082377915e-01
1.975869882803163724e-01
1.910395415060784363e-01
1.858548349981743175e-01
1.931140139797477562e-01
1.951522919584042226e-01
1.861958895185381047e-01
1.843762596045995517e-01
2.032674943577075510e-01
1.889099464750515489e-01
1.783660415349067330e-01
1.896691257145161624e-01
1.878722078422001285e-01
1.950547989791164005e-01
2.045789684973600420e-01
2.020259731013386018e-01
2.000073178677251595e-01
1.929706333849785516e-01
1.865385665375581814e-01
1.989688581765355624e-01
1.978145726723163356e-01
1.960610710853284699e-01
1.880401747694757653e-01
1.906165584367760235e-01
1.879788221016757965e-01
1.978887697558984193e-01
1.909145485408391407e-01
1.928887829982468272e-01
1.892736234675396201e-01
1.905173601148393292e-01
1.924192552021120328e-01
1.939880240651665200e-01
1.883028927942989872e-01
1.864604587413079828e-01
1.969186770153932564e-01
1.914689635248383037e-01
1.975732127717060027e-01
1.840771137060931428e-01
2.041576923068939009e-01
1.975356852112438166e-01
2.033437837070276311e-01
1.979220345378132628e-01
1.956817840242000561e-01
1.835941709945373979e-01
1.843343585544355845e-01
1.892480665671520679e-01
1.885476660077957112e-01
1.861295459832682520e-01
1.856586302380587028e-01
2.055325498992666977e-01
1.939540993071360020e-01
1.922467275545709786e-01
1.941655096521482382e-01
1.813497172124787504e-01
1.933232436153917155e-01
1.842306522473712016e-01
1.910105184277555990e-01
1.887304572028295213e-01
1.922351934799849393e-01
1.906394388105042970e-01
2.193398743010508689e-01
1.843755767533573897e-01
1.812254508494429150e-01
1.927671165539376896e-01
1.802206882009894651e-01
1.838757245439640031e-01
1.856220234680864278e-01
1.812133786967018156e-01
1.844659097368804290e-01
1.844890826819613472e-01
2.011404644032029898e-01
1.952205223024300884e-01
1.914855520109922660e-01
1.892845247765731209e-01
1.965035128374232332e-01
