1.843284041687622832e-01
1.878103835438593161e-01
1.917078568873174793e-01
1.909102232294299373e-01
1.941494026057852818e-01
1.952090423327129676e-01
1.982314983609939629e-01
1.979575088959530105e-01
1.989650306609732633e-01
1.999927407714035821e-01
2.018312226502692597e-01
2.006316921716475854e-01
2.019873532202443034e-01
2.025794620557190284e-01
2.007804165325081658e-01
2.020197122818711000e-01
2.014297100236420168e-01
2.044146970584596601e-01
2.022240505245340159e-01
2.019984374432701735e-01
2.015846803728557624e-01
2.018525398218629363e-01
2.027281686934423732e-01
2.023352531124604781e-01
2.015989948913862739e-01
2.012056418459479690e-01
2.016293208029051875e-01
2.014080832893055117e-01
2.030077199384539566e-01
2.000748636145895931e-01
2.007195309415650830e-01
1.999526254141047177e-01
2.021307481460644651e-01
2.001107842560624073e-01
1.976194066773169500e-01
1.970672223634870324e-01
1.970033131406851434e-01
1.955792582613765096e-01
1.951686957713084647e-01
1.924549772033595507e-01
1.888926680176127304e-01
1.857521229930386708e-01
1.789496082046073133e-01
1.760952981629024527e-01
1.730686881317116399e-01
1.653550294348779537e-01
1.515591991286984186e-01
1.345485903953560214e-01
1.128390467419871368e-01
1.085986221861584000e-01
1.105275819358745026e-01
1.169810134645109245e-01
1.153233463684247562e-01
1.182063853703951839e-01
1.211512375841799494e-01
1.256860074868067223e-01
1.168655609587009869e-01
1.233648020707142356e-01
1.193509124017364809e-01
1.250744800087569830e-01
1.227562364644242815e-01
1.221376439260142277e-01
1.183142404501922873e-01
1.254346859653160395e-01
1.179199821599224013e-01
1.233594732415309592e-01
1.260431766078079219e-01
1.248171250434085000e-01
1.253467649001717699e-01
1.276035812288923710e-01
1.272558953558777239e-01
1.244892765304721205e-01
1.252815032321655253e-01
1.253627302381486730e-01
1.251204057080183840e-01
1.256417056169496504e-01
1.234985724471391599e-01
1.278655990811127796e-01
1.252669023582910213e-01
1.255972766723909007e-01
1.249780371223790931e-01
1.254342262060857971e-01
1.265862446661734919e-01
1.248484370419176287e-01
1.261641699071249234e-01
1.260918300747624343e-01
1.220188081435479438e-01
1.196672340779534049e-01
1.219684705881947939e-01
1.202331985970878925e-01
1.226485652538396587e-01
1.221148739084358947e-01
1.201388053384220417e-01
1.189181881914683769e-01
1.231225247950678836e-01
1.193075656389218087e-01
1.199141728020279851e-01
1.224931701840777376e-01
1.198205071156861756e-01
1.180738242784162839e-01
1.202719637155590798e-01
1.195741297771648337e-01
1.210418022473665478e-01
1.240851829007428575e-01
1.163150196645375556e-01
1.211835699156100371e-01
1.207911029739783398e-01
1.192771965110822202e-01
1.182479415514065546e-01
1.153889603930761676e-01
1.177353525016309049e-01
1.178993440289616140e-01
1.166158080426804577e-01
1.163333299864108689e-01
1.134577875898523658e-01
1.160572696270373849e-01
1.135286428433727735e-01
1.174924842808897918e-01
1.134997049178015915e-01
1.114411903077176802e-01
1.114994653333543778e-01
1.086507884083353498e-01
1.133109169029336283e-01
1.096258813147968636e-01
1.095060696482652030e-01
1.108974320813304049e-01
1.086633811627000790e-01
1.079580278612291000e-01
1.027258680188443962e-01
1.043859607071750684e-01
1.046064565274240077e-01
1.027264432573700703e-01
1.010277555422350038e-01
