2.068541314162668510e-01
2.066749235583873467e-01
2.060325325534567709e-01
2.058465641846232153e-01
2.060171838170671288e-01
2.048251012838850915e-01
2.045309416868655306e-01
2.020600442112321371e-01
2.008724710177032524e-01
1.997795622203176746e-01
1.966307938278181455e-01
1.909510538359209253e-01
1.862313845928194600e-01
1.747050642398393361e-01
1.675630565709132214e-01
1.568875586407209310e-01
1.529471232300639860e-01
1.415376330512278513e-01
1.304606581539961840e-01
1.278422029905886548e-01
1.280747564792533155e-01
1.269581920135519071e-01
1.265524453577821506e-01
1.238390174523685827e-01
1.203984387503996001e-01
1.189324214462473273e-01
1.230074207346311677e-01
1.228793586281086286e-01
1.220749919916155057e-01
1.250347460001552946e-01
1.239531685505062125e-01
1.259459826402604399e-01
1.280424999425889554e-01
1.267239592137471282e-01
1.257398589363439845e-01
1.232294286530148386e-01
1.237767040987779454e-01
1.278640159042878366e-01
1.284095318420926113e-01
1.277008212881700078e-01
1.293181889181015953e-01
1.299828567966395121e-01
1.268961741748294014e-01
1.288762211513237443e-01
1.308574516553186184e-01
1.302586211967899366e-01
1.300820991414240457e-01
1.286181030528570912e-01
1.288091632154961252e-01
1.300105594401822773e-01
1.305716020126795884e-01
1.323230470441037476e-01
1.327636489462172553e-01
1.340251102729689281e-01
1.364199888504239733e-01
1.351750207762953404e-01
1.382131139981987999e-01
1.384898536306626293e-01
1.372271423018255054e-01
1.387359641578509994e-01
1.378734205066123319e-01
1.359722005646446519e-01
1.342337138320835455e-01
1.374276937377654495e-01
1.372019718913914943e-01
1.335254422586060474e-01
1.344713563034244108e-01
1.334266051951978060e-01
1.323247032728604444e-01
1.310250499410792746e-01
1.278504556867860742e-01
1.296355000402718005e-01
1.282686873328365562e-01
1.278943566497222351e-01
1.256177982959489070e-01
1.203685063055727200e-01
1.136361690217260745e-01
1.095710678458735876e-01
1.079867092746773227e-01
1.069274814736604073e-01
1.030834369510151560e-01
1.034189884963208073e-01
1.048836382141578316e-01
1.044005511526452240e-01
1.006757691268189148e-01
1.035669123828094340e-01
1.032018882717631730e-01
1.071375925468682488e-01
1.050106693961290333e-01
1.061053389894186377e-01
1.069251268641835118e-01
1.082073555459342890e-01
1.099084909612266237e-01
1.099816271707023119e-01
1.078100687318393758e-01
1.088796927934859438e-01
1.086417441179036159e-01
1.118189072731332334e-01
1.086756589748055640e-01
1.121155643834661209e-01
1.125142272203834837e-01
1.133607722777705135e-01
1.126218286283676151e-01
1.112659172382526873e-01
1.106614768710425800e-01
1.091237277881154100e-01
1.077021620172035898e-01
1.089838800455313061e-01
1.061546253591334477e-01
1.068489655875679012e-01
1.066761277035810640e-01
1.048832940370284378e-01
1.077013592022728061e-01
1.034079952168600602e-01
1.082496836749121671e-01
1.081321460670608969e-01
1.039600525095919215e-01
1.058147262990441206e-01
1.049365109043678551e-01
1.020540971578552392e-01
1.060318153935494445e-01
1.019416376299519811e-01
1.023200293399260941e-01
1.048671070472526057e-01
1.035142191190025485e-01
1.009121519076598694e-01
1.047028344899897379e-01
1.056738193405365178e-01
1.076247148470922260e-01
1.095117331005038552e-01
1.028292711615545474e-01
1.037497653858475005e-01
1.027123634739335462e-01
