1.201437850679709374e-01
1.159981368608708624e-01
9.679021370691401338e-02
9.263242080149831914e-02
nan
1.055944888181866714e-01
1.152597944240716515e-01
1.186661484048202320e-01
1.197850303481825252e-01
1.340752291603451996e-01
1.269759324565748471e-01
1.375821460639732874e-01
1.427659580980627507e-01
1.470780265195020253e-01
1.340888418664740178e-01
1.092643448298041831e-01
1.316537022473874829e-01
1.287910776633475474e-01
1.339713316787251862e-01
1.434787583667924693e-01
1.293343298122851537e-01
1.398381987002250970e-01
1.321012973026620685e-01
1.432395790329157870e-01
1.432671015805313530e-01
1.469288603483193123e-01
1.475208208384217179e-01
1.402312712179531184e-01
1.328222462903706491e-01
1.344105217635562233e-01
1.492975046571224373e-01
1.470562328357722937e-01
1.453117504279069216e-01
1.391175719888879114e-01
1.416205830456210846e-01
1.447274136864651894e-01
1.356279954511948327e-01
1.368527649983435346e-01
1.439779321336851214e-01
1.358767544534144611e-01
1.376079802410424824e-01
1.385187536206929915e-01
1.292110446149013214e-01
1.389858448013694403e-01
1.331111447679580451e-01
1.270247574608294461e-01
1.294336991617035526e-01
1.248973557134376022e-01
1.370816826971726077e-01
1.283993612018828334e-01
1.103751907773783264e-01
1.179962934840483313e-01
1.166075057099269785e-01
1.101250093704480570e-01
1.098640356428850495e-01
1.085547823444856508e-01
1.085755813903598738e-01
1.096515451975347000e-01
1.124912969484490877e-01
1.055170606072189793e-01
1.105136259162854129e-01
1.132680538708162182e-01
1.056194993089300538e-01
1.122360008457904956e-01
1.083671335648387218e-01
1.087046935135980164e-01
1.111072673436339919e-01
1.094222075505240088e-01
1.090459587895345750e-01
1.040715845982621429e-01
1.033188268841555568e-01
1.070459521646096590e-01
9.929613659314459606e-02
9.948022571734224662e-02
1.059693895374357597e-01
1.058897694327263911e-01
1.021565069256192559e-01
9.647769908579847953e-02
9.876095033141954471e-02
9.439847513368997134e-02
9.777816626446020343e-02
1.014545513329964121e-01
9.912124695012536346e-02
9.929528445024174421e-02
9.557915064868831301e-02
1.025751717105415212e-01
1.011198338713692052e-01
1.041343263178915735e-01
9.825070110702260884e-02
1.002110770641636839e-01
9.969702641883172733e-02
9.755580019791942892e-02
1.041719201868063077e-01
9.636314940122814310e-02
9.586983852451690102e-02
9.625439511061095743e-02
9.665060671886653576e-02
9.995566828004216753e-02
9.715296724927857674e-02
9.698019048109218776e-02
9.584493969645790923e-02
9.591366386701626057e-02
9.669896594430896219e-02
9.794911139118095411e-02
1.049274117396140904e-01
9.361212649957786902e-02
9.795498671830135673e-02
9.632305006432929917e-02
1.013423864720035400e-01
9.972829735326443901e-02
9.638028215060320814e-02
9.713617684374145633e-02
9.706219456540803037e-02
1.028116683521824448e-01
9.629034324694110691e-02
9.592748708676154812e-02
9.669342327975494200e-02
9.519097030940881776e-02
9.787289289784865953e-02
1.032299616874021164e-01
1.020482218997608714e-01
9.968817432460214123e-02
9.469825683956181739e-02
9.730330458737891652e-02
9.367927310676166242e-02
1.076113428980706860e-01
1.010768961131027210e-01
1.025217499386935766e-01
1.041832280617298184e-01
1.006850066242722663e-01
1.002842870516475471e-01
9.986196085064792671e-02
1.011875959648613488e-01
