4.467039865810633614e-01
4.464559260421822606e-01
4.586903565432209340e-01
4.571469797455597339e-01
4.555117802393620074e-01
4.582962807671598360e-01
4.510673524745799634e-01
4.521697934373325456e-01
4.629124868420888550e-01
4.568865802716488012e-01
4.443083570871146359e-01
4.526578555303866214e-01
4.446531879538431209e-01
4.541832034530569051e-01
4.514173525491498862e-01
4.525127276607585070e-01
4.486344816735865493e-01
4.571201611955613697e-01
4.609963476512795588e-01
4.523734310058540875e-01
4.589248345970782794e-01
4.539439343241523095e-01
4.498973574329265257e-01
4.537303487174190186e-01
4.545371558190592354e-01
4.555477835085118832e-01
4.539178399427915567e-01
4.563706173582952053e-01
4.500052349500118787e-01
4.526107431321077512e-01
4.481228346024770937e-01
4.526031544757811442e-01
4.546352944320025125e-01
4.454228136824124884e-01
4.592379231448548982e-01
4.565000590891589716e-01
4.532839940814515911e-01
4.565348650751130388e-01
4.520471875315695276e-01
4.578928017004086359e-01
4.449699516372135899e-01
4.533503434827787504e-01
4.544495437677952832e-01
4.489915045162024554e-01
4.501588180409975548e-01
4.601752985332756563e-01
4.488077524942780672e-01
4.522233925524941078e-01
4.506238152175578993e-01
4.593416188980589121e-01
4.578652928776473785e-01
4.531317847179505698e-01
4.499525355431707729e-01
4.529658687804551942e-01
4.531604330895295241e-01
4.540621725718179680e-01
4.505794024298943601e-01
4.506414864795910136e-01
4.503299451531210806e-01
4.522624090973770827e-01
4.477229519018775528e-01
4.485363325846380977e-01
4.525891615764140452e-01
4.508888119743741929e-01
4.535543989409971388e-01
4.473267732260467477e-01
4.473629650467148555e-01
4.532160376026609372e-01
4.556706501467133186e-01
4.537380901936010624e-01
4.555886774499154357e-01
4.578649744776627228e-01
4.474980832693998822e-01
4.601679876560434979e-01
4.492217801148780110e-01
4.543110673529418553e-01
4.548092362786564924e-01
4.540123175194484828e-01
4.535807613730850618e-01
4.569908770238427231e-01
4.407724400377922014e-01
4.546923902554498853e-01
4.508087202441509178e-01
4.572456083689765971e-01
4.476186388355510859e-01
4.573329379753000579e-01
4.423062321530529251e-01
4.523695211566738927e-01
4.532171769862254340e-01
4.611843725275244776e-01
4.568909766133670836e-01
4.533818229215382245e-01
4.421822259354653006e-01
4.471708059414616909e-01
4.548582127839913558e-01
4.600600655869891975e-01
4.533993045300199198e-01
4.522436674497823383e-01
4.515112698116295342e-01
4.642064000268047441e-01
4.513689590875665791e-01
4.545546522344451335e-01
4.528872875497982342e-01
4.450274346624870647e-01
4.575170245226125032e-01
4.485011061224949969e-01
4.593208622856387868e-01
4.527722960206109759e-01
4.543418567918000583e-01
4.466877235808181523e-01
4.550882799375445820e-01
4.553330915952513713e-01
4.490949051973534001e-01
4.511517045003384241e-01
4.544259657019987797e-01
4.565065546539227581e-01
4.466810851689361761e-01
4.544126066605861936e-01
4.557891452104951280e-01
4.506272014664646219e-01
4.486879009379777794e-01
4.523658357559564580e-01
4.513573708821596586e-01
4.502835054349657584e-01
4.503319701285832810e-01
4.549818527338301277e-01
4.530215506412287874e-01
4.540622457489339459e-01
4.547285961624303874e-01
4.517060187832228069e-01
4.549914893173825914e-01
4.556564047722520550e-01
4.572228766224365470e-01
4.450728447453973224e-01
4.457778532833562846e-01
4.574666909008037186e-01
4.573631015793855337e-01
4.530218702271022191e-01
4.581639688595983140e-01
4.572854086401371143e-01
4.505707504224444326e-01
4.458288781206062867e-01
4.558421948485969488e-01
4.479358850935118430e-01
4.525873535519843172e-01
4.531232901158798732e-01
4.499202391230432974e-01
4.493445262062792378e-01
4.508185470433156428e-01
4.469505211886819485e-01
4.558763079711252719e-01
4.573594849329112311e-01
4.580019191530401712e-01
4.581553039760435930e-01
4.527991882109910771e-01
4.521227894700037275e-01
4.577648098506296170e-01
4.575946207983309644e-01
4.492340780753610319e-01
4.504965076302989702e-01
4.527711140427457259e-01
4.572505743985146309e-01
4.569672835277311940e-01
4.479355506904468820e-01
4.551639386365280426e-01
4.517430235875605216e-01
4.568852069365686996e-01
4.522645062604623845e-01
4.605571671142806300e-01
4.664951889735408086e-01
4.505688691130513290e-01
4.568150526154688973e-01
4.552573099438492199e-01
4.521963124863181971e-01
4.612723580372095067e-01
4.572936128269328160e-01
4.579374357070544188e-01
4.559025718528735283e-01
4.585583198986831754e-01
4.567975800735520342e-01
4.561856783525800596e-01
4.505321322339755907e-01
4.518844928776593051e-01
4.443139337585657600e-01
4.514527521446229930e-01
4.520557301922252802e-01
4.450452167646881674e-01
4.480379172910609609e-01
4.496870601804655032e-01
4.590493688874296430e-01
4.539175827197977076e-01
4.498901767589896239e-01
4.497722180384208235e-01
4.496568230732087001e-01
4.520679316324992536e-01
4.559352037009039016e-01
4.494744146733877233e-01
4.473650211422752210e-01
4.545600721380331222e-01
4.509679345325667277e-01
4.542698038044041819e-01
4.561244792495350864e-01
4.554755120783954836e-01
4.543941213600659057e-01
4.513182819838162385e-01
4.562610811698638580e-01
4.524528161439385077e-01
4.532488881807557046e-01
4.528568930652416835e-01
4.529185555587125767e-01
4.471475406454824553e-01
4.498012728815101169e-01
4.502992077079365218e-01
4.529315774934606909e-01
4.543512666153844415e-01
4.515713720831895372e-01
4.628992574529458004e-01
4.527523439109499281e-01
4.482179928700548710e-01
4.558733172200359340e-01
4.518278701009258991e-01
4.485551226299466787e-01
4.466901416517914392e-01
4.533915493212818948e-01
4.609498720590923804e-01
4.612853543927061817e-01
4.559407487507300960e-01
4.480953874911272616e-01
4.507618476558375442e-01
4.438155754488661842e-01
4.608723929098048622e-01
4.476884763768085862e-01
4.516297828154113292e-01
4.521528763109117777e-01
4.580139280413277336e-01
4.447621956195920156e-01
4.533807029881416484e-01
4.549119132705998214e-01
4.487502740196309126e-01
4.542219880852187419e-01
4.556891575702703978e-01
4.561726865050668156e-01
4.551074404695148456e-01
4.575373858581388009e-01
4.540965421770681298e-01
4.512056494548484786e-01
4.568758176594001630e-01
4.486945059568491212e-01
4.528769939833509062e-01
4.536046942793736103e-01
4.530390586327566194e-01
4.512223387529920027e-01
4.547201218537644807e-01
4.512840470160728312e-01
4.582865161254441322e-01
4.514467992362279913e-01
4.596586793664798609e-01
4.597727332187537819e-01
4.498026076099956305e-01
4.554170350712573034e-01
4.550117995743967469e-01
4.526561940844381904e-01
4.558429484321803171e-01
4.419607655970905213e-01
4.582639020003749231e-01
4.505185782620456103e-01
4.465753741078898331e-01
4.538582158412599599e-01
4.619266854939719780e-01
4.555437468065378637e-01
4.510103245649001447e-01
4.529871222035564693e-01
4.430617681093110827e-01
4.569111204135611892e-01
4.503847433734610717e-01
4.547590925933319150e-01
4.501322839052016023e-01
4.613826167721488680e-01
4.516706681126509415e-01
4.543781430256266796e-01
4.504699136706311613e-01
4.536391914807710868e-01
4.652166900101891156e-01
4.567747078766407620e-01
4.548352096760793772e-01
4.517660677369649269e-01
4.574010946580594483e-01
4.554010174490047969e-01
4.498318283306072529e-01
4.472263780111859766e-01
4.564573091793150961e-01
4.515484462776680474e-01
4.507232780191097743e-01
4.578062908454926805e-01
4.512832833148890943e-01
4.536337340940235219e-01
4.600108055641669580e-01
4.528714490795254233e-01
4.451385079889949581e-01
4.572215224322376814e-01
4.544379564186464826e-01
4.552653682960932091e-01
4.477257433077873050e-01
4.509579548116775527e-01
4.488788950784038945e-01
4.528231572666351346e-01
4.503119942685607779e-01
4.573071187458709330e-01
4.523099291791681242e-01
4.577986166547828861e-01
4.519013703323698783e-01
4.515417191934571473e-01
4.515947002626924944e-01
4.532880964183549355e-01
4.603841968402311857e-01
4.532313242837796574e-01
4.513869360858211999e-01
4.465785354594759560e-01
4.524142630790494723e-01
4.577023161474241819e-01
4.586006740677556204e-01
4.504667399471818934e-01
4.499599218646397891e-01
4.571343327723098593e-01
4.512467436271667132e-01
4.472047948091748548e-01
4.554933317610977972e-01
4.490509724230594135e-01
4.514791769997265058e-01
4.505365739124097546e-01
4.476973049411884231e-01
4.467008874989513156e-01
4.517387904419131184e-01
4.550745618876613219e-01
4.557836923417518116e-01
4.576156324421852828e-01
4.550773873243016965e-01
4.525974346574289653e-01
4.596939453710846557e-01
4.508941977135519363e-01
4.546309836570922025e-01
4.469652954412210999e-01
4.489506919710667954e-01
4.575267717987577254e-01
4.548046085231177704e-01
4.509657233613769689e-01
4.500574020471823644e-01
4.600491230915143559e-01
4.566284277552880022e-01
4.514309490107208944e-01
4.546355420401909653e-01
4.494785392746940555e-01
4.495644329609738143e-01
4.534238027249690162e-01
4.505161720540367676e-01
4.530019226667562626e-01
4.535591402603972866e-01
4.569329474956466131e-01
4.505897905322645558e-01
4.531115275716979807e-01
4.621851823605399034e-01
4.571512902423456315e-01
4.481261829642698147e-01
4.508335470722723004e-01
4.534517458082933383e-01
4.478552226225379629e-01
4.454633862685760670e-01
4.518451814801226485e-01
4.533884303043376196e-01
4.538674994848781452e-01
4.513141331669196510e-01
4.517454235463584933e-01
4.524780466563463333e-01
4.465528427116651766e-01
4.501188917435493542e-01
4.523392318602845741e-01
4.512419129766094827e-01
4.500101878827692525e-01
4.578024518623181605e-01
4.559063958332436606e-01
4.549341723465375464e-01
4.568535289990645065e-01
4.461223373792864710e-01
4.587182167921162734e-01
4.574380001407186702e-01
4.517326276164179699e-01
4.540438549036872606e-01
4.553690298749913934e-01
4.489667706694450700e-01
4.460560290641630843e-01
4.509466443002054237e-01
4.520843877167929348e-01
4.515499508349757329e-01
4.572163780950503353e-01
4.546812305465978699e-01
4.532606978829979982e-01
4.571570039384399986e-01
4.507021547785848847e-01
4.509432900629752328e-01
4.510000770176287865e-01
