3.934280551055474584e-01
3.787636210724175112e-01
3.836937150383692985e-01
3.832301087949388507e-01
3.778049613056194134e-01
3.886824922536687987e-01
3.854669390163564247e-01
3.862123584344142602e-01
3.834862069426508424e-01
3.890226971484440077e-01
3.853470229582148243e-01
3.854684364073208691e-01
3.845115417902078558e-01
3.861475463458778346e-01
3.862298586246488696e-01
3.877227409988975304e-01
3.843841924920746167e-01
3.862893486760247130e-01
3.767772898063849185e-01
3.816582858748614471e-01
3.848380643976639370e-01
3.830813307058140160e-01
3.887545671368236033e-01
3.850919881094367891e-01
3.830803565818286516e-01
3.852006613731691620e-01
3.818439625825807981e-01
3.820003782991392427e-01
3.907077437888249460e-01
3.868211233667956939e-01
3.873337838632873731e-01
3.841941783510718911e-01
3.817811004490668791e-01
3.824517660763444571e-01
3.858289340519006072e-01
3.881546116043321226e-01
3.873886416535666233e-01
3.888287859813734926e-01
3.823906701262449470e-01
3.899504204642672556e-01
3.832356712291055678e-01
3.832016120542213744e-01
3.886920931665999168e-01
3.847430614241561520e-01
3.827775875700443753e-01
3.842005439633202624e-01
3.880011498093011157e-01
3.864627041800339780e-01
3.895920344565044213e-01
3.893088165171462167e-01
3.911606354020664145e-01
3.880504692460426397e-01
3.787250193061606485e-01
3.823237496706383687e-01
3.846711071680177230e-01
3.811293787896592455e-01
3.783531642081874868e-01
3.921619560215642841e-01
3.817254304284691258e-01
3.862954645296660106e-01
3.814847437289826115e-01
3.813968061163616197e-01
3.911489226565358357e-01
3.870603908365161661e-01
3.905023735346716540e-01
3.899717032343194556e-01
3.835808286602097050e-01
3.893493602950994226e-01
3.808544800760292892e-01
3.819231195804150825e-01
3.802245235969882731e-01
3.777075272562127606e-01
3.809661695347600907e-01
3.868133573338586872e-01
3.772911309011457437e-01
3.873166987131724248e-01
3.904324468535395054e-01
3.817610619763947555e-01
3.854268161296129924e-01
3.880342176710722124e-01
3.787476563970848531e-01
3.881290876483202701e-01
3.848443556718358916e-01
3.877041785962092590e-01
3.840561770911941619e-01
3.832618858414933993e-01
3.880248771937109264e-01
3.804852468277071242e-01
3.909296962703488476e-01
3.800583289340575543e-01
3.875530468383305283e-01
3.833039604623853513e-01
3.763218322532099758e-01
3.867917813577174124e-01
3.890130842556047686e-01
3.890270576579065165e-01
3.845134088222690871e-01
3.887450655492583063e-01
3.892463672823721077e-01
3.838234001355163572e-01
3.886120728599938290e-01
3.756812113376983286e-01
3.864740819684174822e-01
3.872654698771858528e-01
3.924171650119654409e-01
3.822936678407278799e-01
3.947188487573887739e-01
3.843533185511586736e-01
3.846546590867726545e-01
3.920059707090747803e-01
3.912737300760888437e-01
3.793932802133909155e-01
3.838991541323228951e-01
3.810530174301474671e-01
3.822142245463058252e-01
3.813440942291840829e-01
3.808027530414674344e-01
3.853057723529373924e-01
3.894909825045929086e-01
3.861759592813119868e-01
3.894205744063289343e-01
3.878157235893193722e-01
3.846075118749395227e-01
3.897627376926171561e-01
3.847698485680351443e-01
3.821550078005993001e-01
3.870015876096221108e-01
3.868012960257453114e-01
3.774448529167856448e-01
3.854903605639090625e-01
3.823967853572340925e-01
3.868977045760574884e-01
3.866724174241328860e-01
3.861933456929989572e-01
3.841431846113088633e-01
3.938420595618712938e-01
3.868332365325147792e-01
3.862641168672420466e-01
3.846521492458764291e-01
3.834364497267593874e-01
3.821111455158840431e-01
3.895625988603747536e-01
3.812902884564766670e-01
3.855168206339901760e-01
3.852437415514592955e-01
3.907729683375869012e-01
3.894447365779740711e-01
3.825537474064252819e-01
3.889018176025911822e-01
3.838382790033548764e-01
3.877034165105225916e-01
3.797802877297944413e-01
3.844475663458482018e-01
3.859799539424702552e-01
3.866876855825291948e-01
3.919635706388044372e-01
3.888257564869647132e-01
3.929503048794221742e-01
3.820650049629623068e-01
3.858451694710670621e-01
3.901022834781148751e-01
3.819139225459617926e-01
3.859629703959091551e-01
3.874736110460069716e-01
3.869262192867464756e-01
3.859145638050903715e-01
3.803013388802322647e-01
3.834258674242612686e-01
3.859701292051354038e-01
3.877095321006869266e-01
3.812384050338460950e-01
3.819613770417171206e-01
3.713817208467012354e-01
3.868011721927869240e-01
3.881661767510140026e-01
3.930587207324054422e-01
3.872063628670616708e-01
3.848319755225196315e-01
3.844890549696221571e-01
3.940925741120703263e-01
3.746529665640873086e-01
3.839655209955483151e-01
3.789016028845082484e-01
3.852230148745180438e-01
3.935050112678886713e-01
3.846888577994430070e-01
3.826111438566919265e-01
3.803339698335994612e-01
3.882254216691838344e-01
3.931501343705598450e-01
3.818922736422142306e-01
3.804330882223899701e-01
3.923381253113144007e-01
3.792634715126085854e-01
3.844094832932515304e-01
3.903433524867503945e-01
3.789447607192998890e-01
3.826951418647699943e-01
3.785868425788594949e-01
3.867914478712623505e-01
3.870964625640186396e-01
3.841813362228517215e-01
3.799110290446553462e-01
3.900042335346552425e-01
3.817228554933767004e-01
3.880953473419277433e-01
3.905709378284220046e-01
3.867432567131521282e-01
3.803013593730357189e-01
3.776334753346731743e-01
3.795373422642673300e-01
3.866244201743186393e-01
3.860679905050247163e-01
3.850295253915537730e-01
3.845213224079886416e-01
3.878827115831461336e-01
3.872218276607187759e-01
3.839907083195621684e-01
3.875360761964550260e-01
3.863870709727746378e-01
3.822316628180729148e-01
3.837709010541710541e-01
3.825776240155091545e-01
3.844016686831994156e-01
3.902640711886360414e-01
3.907646928760392657e-01
3.874065632124943925e-01
3.841575106006994700e-01
3.844981923211113206e-01
3.833728736470785048e-01
3.855662320912506269e-01
3.831782540910755874e-01
3.821881527212219187e-01
3.806360949470177224e-01
3.868756065016039636e-01
3.894180272974682167e-01
3.883709380404569700e-01
3.914737355307207345e-01
3.844072938311995369e-01
3.785375598139320008e-01
3.837819152283939439e-01
3.848906698375585966e-01
3.825431831982059050e-01
3.911879891621108940e-01
3.822189663763078671e-01
3.912175276642508304e-01
3.889389211566842697e-01
3.860900198447569376e-01
3.878995308550817755e-01
3.906973819141156823e-01
3.864777598425126470e-01
3.843763220506772882e-01
3.867422473125482485e-01
3.909921540044464794e-01
3.893924494020858940e-01
3.878959330711976294e-01
3.839484846489518155e-01
3.823334725209243667e-01
3.891720955719564223e-01
3.855698117270844882e-01
3.862260531701124933e-01
3.815968627575856420e-01
3.861683827176412009e-01
3.934354016307402002e-01
3.844073671347579269e-01
3.849745150215881928e-01
3.806884874243616212e-01
3.874319382943050005e-01
3.821410615747341533e-01
3.848645861150559178e-01
3.869578759764228382e-01
3.909838730978362764e-01
3.865468267792830925e-01
3.901529208523633607e-01
3.869733634056646276e-01
3.835194946507820002e-01
3.799461403304834062e-01
3.843416522928814194e-01
3.857449019823452896e-01
3.851008707360388250e-01
3.797128781019762367e-01
3.850877287143610883e-01
3.826645472439016427e-01
3.856338255476588484e-01
3.879489720006195075e-01
3.869592586562551340e-01
3.853252308166932871e-01
3.884149411359565374e-01
3.863098793127611730e-01
3.868944948528919570e-01
3.866907588263517881e-01
3.887232301096391618e-01
3.854445474380400749e-01
3.868423314764040111e-01
3.878871693530629439e-01
3.848407983694595025e-01
3.863019302333405292e-01
3.906086082879741128e-01
3.878183445576006139e-01
3.878327868650429666e-01
3.869978298463169208e-01
3.804824545738476060e-01
3.875017408417952836e-01
3.855442505168525935e-01
3.874474231410326430e-01
3.836295412305024688e-01
3.856980101609173706e-01
3.792464872181395275e-01
3.872686172947517602e-01
3.833084274780060863e-01
3.829353590911065974e-01
3.846233635391755890e-01
3.856556884048980560e-01
3.881580160664571122e-01
3.817988683253055737e-01
3.852266984631986801e-01
3.833375866114155928e-01
3.835515212393028617e-01
3.860344384789271555e-01
3.834468870637735560e-01
3.884018564897451786e-01
3.885354722276136430e-01
3.906400397436380345e-01
3.874642231651176938e-01
3.777962209383601833e-01
3.839338507974573433e-01
3.876999361854966408e-01
3.890514283570264964e-01
3.832060536005522655e-01
3.844675839356764824e-01
3.864254384818944787e-01
3.792494577589392568e-01
3.882506181072303275e-01
3.830005325722840026e-01
3.849194953453836110e-01
3.792362436939974990e-01
3.817514716514502360e-01
3.841798668060401045e-01
3.894606610143206971e-01
3.869639105344724883e-01
3.825459329527419738e-01
3.762184532454651564e-01
3.817093497826907766e-01
3.836918691783328672e-01
3.955573284454912408e-01
3.802288551593491772e-01
3.870338203269099164e-01
3.843940921580162873e-01
3.797676201130466556e-01
3.824843208754225010e-01
3.845290959092381167e-01
3.820183431084571701e-01
3.816080393164559825e-01
3.867238557225379236e-01
3.783181417417059711e-01
3.892422831767613500e-01
3.834421307727052808e-01
3.824377117584800145e-01
3.835114499695710943e-01
3.941328761233922062e-01
3.809906748500221929e-01
3.869648468627602256e-01
3.916002174946393022e-01
3.829198924909372748e-01
3.797084745042762499e-01
3.843976612000626902e-01
3.811906966198179147e-01
3.846930073463791233e-01
3.861177854849850988e-01
3.824957268624205597e-01
3.849698170892392191e-01
3.823845644267858668e-01
3.859601614792486091e-01
3.866280658434282369e-01
3.923954897705775879e-01
3.858479782983833539e-01
3.869908034376486339e-01
3.823097990694642179e-01
3.861456022021866330e-01
3.826171123513271155e-01
3.868901436356760870e-01
3.856601495009333580e-01
3.804771778972628749e-01
3.898486234489214053e-01
3.809953158652206184e-01
3.873716200121645747e-01
3.876764342216310055e-01
3.829222878581077794e-01
3.872159745714078283e-01
3.852437486758935048e-01
3.889609651827387049e-01
3.865457464460770320e-01
3.937339295400846817e-01
3.839165915259783457e-01
3.893836283700017886e-01
3.876221706834104830e-01
3.876221850061207230e-01
3.917808210696697713e-01
3.880833949973985786e-01
3.843675295593410035e-01
