4.651672874150200587e-01
4.678238453538396402e-01
4.720921295495663639e-01
4.709992187852937162e-01
4.637667790860109940e-01
4.626322715114702944e-01
4.702521120596432902e-01
4.584290841270074468e-01
4.674927992296872281e-01
4.680601648883420118e-01
4.567879185450654522e-01
4.680119773603772515e-01
4.656508874333607495e-01
4.681906531660049997e-01
4.672413211717786341e-01
4.716285682664780321e-01
4.699614102690679029e-01
4.719345089138580751e-01
4.647200844357468608e-01
4.607538710567140594e-01
4.761395627804432817e-01
4.678389034713077987e-01
4.689202448146808644e-01
4.731544434102716856e-01
4.620269064159948091e-01
4.638071087395658765e-01
4.690792187901398069e-01
4.595055908826099489e-01
4.694427123381821332e-01
4.637638886169890284e-01
4.585172189315093183e-01
4.547113571521568809e-01
4.666813495772361708e-01
4.660590639524627710e-01
4.718012747488911085e-01
4.654349837519202726e-01
4.704710127792680607e-01
4.687491273951837623e-01
4.613256928977629290e-01
4.574651618618053028e-01
4.642800181687866123e-01
4.635997140310754716e-01
4.761409499480651619e-01
4.640739259784086301e-01
4.612390460570142126e-01
4.647885867217598777e-01
4.618103674284617099e-01
4.659415017049991503e-01
4.553610765994963727e-01
4.607976702430868210e-01
4.686772112252368117e-01
4.676849892935884823e-01
4.708279558505838458e-01
4.686379872966005555e-01
4.623131136174670752e-01
4.714872908064330903e-01
4.656479943503810670e-01
4.611139489634935029e-01
4.594048268696012127e-01
4.673739206765240017e-01
4.668179589284396358e-01
4.616821782145744679e-01
4.643823935105635958e-01
4.672427490756437818e-01
4.627138816754661210e-01
4.698353206742815202e-01
4.614440045068267104e-01
4.663132633052242682e-01
4.680159969576182522e-01
4.622281020737176727e-01
4.584947754276011422e-01
4.690104807514636209e-01
4.642155700491056858e-01
4.761641904911320111e-01
4.547236704798194307e-01
4.717357278015938959e-01
4.679994808643985205e-01
4.588909288829097766e-01
4.673171832613493559e-01
4.691604707100962002e-01
4.629945974063391922e-01
4.678139234188127826e-01
4.700280669288649515e-01
4.699121267859280859e-01
4.560908437357012457e-01
4.758883483804008385e-01
4.700721081451805783e-01
4.738780770551576094e-01
4.647169299504449458e-01
4.663504759466034488e-01
4.672235849807146457e-01
4.681930484119755653e-01
4.653828577525653820e-01
4.608684029301665097e-01
4.654873950237832236e-01
4.700370878255595852e-01
4.665022948989558937e-01
4.714398099711235024e-01
4.708005286910864062e-01
4.597350848612536955e-01
4.704483606071664381e-01
4.748649607301065334e-01
4.579702144884948423e-01
4.672152123582160033e-01
4.649200935903864962e-01
4.601627061952776043e-01
4.614310484493534537e-01
4.659953129575785113e-01
4.651947807465793283e-01
4.623882916032899248e-01
4.622517463525001591e-01
4.606645588444046591e-01
4.506751394435464797e-01
4.668378259950107245e-01
4.726595592503601284e-01
4.612493808098763748e-01
4.639644460964239547e-01
4.605050632779437159e-01
4.731278202246853026e-01
4.623478625924751784e-01
4.635032549724738549e-01
4.739028705656636031e-01
4.630117710640859752e-01
4.654393341611631207e-01
4.672644882403267919e-01
4.622272720964935577e-01
4.741052863223014224e-01
4.653878229611655981e-01
4.638998143511824934e-01
4.719479529587788380e-01
4.663247225157521325e-01
4.567499850509235682e-01
4.708165474152818941e-01
4.754663406459038177e-01
4.689167586985199532e-01
4.692020364597841997e-01
4.560853346002521347e-01
4.602368801279444477e-01
4.569811467159144436e-01
4.683020630869683676e-01
4.724425481962012396e-01
4.756099840076357110e-01
4.645950530377225274e-01
4.615901098964416138e-01
4.656155306392765758e-01
4.708184754481702372e-01
4.603491089288216376e-01
4.586275404158398072e-01
4.673680509838660235e-01
4.665393590547345926e-01
4.664651693708489755e-01
4.617573966083834414e-01
4.652670571899724661e-01
4.654386336306122196e-01
4.717723627913391060e-01
4.661439188133074119e-01
4.516329563562505034e-01
4.698914816462478883e-01
4.720736445460504971e-01
4.586229596326787394e-01
4.669728249750957905e-01
4.600630477516426953e-01
4.668595451810024777e-01
4.747830416682685684e-01
4.667569081164760214e-01
4.642037691000338029e-01
4.600988935918465250e-01
4.664091151716290296e-01
4.720248264442470365e-01
4.659715869786468789e-01
4.636959669480668067e-01
4.672343998107427732e-01
4.684091727453560394e-01
4.722289356143304917e-01
4.663293414766669365e-01
4.672191571696035495e-01
4.574903523836489350e-01
4.703097206161049315e-01
4.615419821148608048e-01
4.674521053518989611e-01
4.655986213712052235e-01
4.619207105662163637e-01
4.692725167584991253e-01
4.735209152524346155e-01
4.684427712706735747e-01
4.720851998401193739e-01
4.625836274562335482e-01
4.674162856941642130e-01
4.566678529075827164e-01
4.619941878113183464e-01
4.588885847471713131e-01
4.669045404717240833e-01
4.664673504130132931e-01
4.534444093945533272e-01
4.621180373371813754e-01
4.635914342754944295e-01
4.718415780897006750e-01
4.619905842117730810e-01
4.650345485684908020e-01
4.612318389425471010e-01
4.690829047843430022e-01
4.711556074371617275e-01
4.715756724364718044e-01
4.669168081863925845e-01
4.611816979088921298e-01
4.688175250091305424e-01
4.636136936902950367e-01
4.587094183123116564e-01
4.671095916754747224e-01
4.727648491690889521e-01
4.644796904944653582e-01
4.694409518362716027e-01
4.638622888413534429e-01
4.694902194407014062e-01
4.709605092220544020e-01
4.653938279421702684e-01
4.695893895864441947e-01
4.628726508475088375e-01
4.655222069531377294e-01
4.677334092151267941e-01
4.631720598649192722e-01
4.570256457782309600e-01
4.661966102145972402e-01
4.693422970049453413e-01
4.668756613548469825e-01
4.670544546210997905e-01
4.613547558243408786e-01
4.720252371469818020e-01
4.677159487145975403e-01
4.701622167685980958e-01
4.664063471924097537e-01
4.714305878944213268e-01
4.586851426274839993e-01
4.749620968848445313e-01
4.677249450820129550e-01
4.636178354603395224e-01
4.590789830150980855e-01
4.668774338003014446e-01
4.759162961509588174e-01
4.730058556780245560e-01
4.742393723682196138e-01
4.619934990570768729e-01
4.631205157953265927e-01
4.642254986879140177e-01
4.650477592007574157e-01
4.712159362227986148e-01
4.736500669544368991e-01
4.664740631458497155e-01
4.557836096515919810e-01
4.731775479991844335e-01
4.682322357481988329e-01
4.637629741628245261e-01
4.654814674551815967e-01
4.688781486546825805e-01
4.653973978921169263e-01
4.663907724203559257e-01
4.678130871500791321e-01
4.698754114710460006e-01
4.673143092012693733e-01
4.646826437433844159e-01
4.653274309571203693e-01
4.634296714770034797e-01
4.719522342299467543e-01
4.598853869758455226e-01
4.696733378820290850e-01
4.633628215096529668e-01
4.654045929518682567e-01
4.719603887393831188e-01
4.667276087226372439e-01
4.706519383582908334e-01
4.676909746333722251e-01
4.735927007855055271e-01
4.699065634929375235e-01
4.713934258230698671e-01
4.752699987408460225e-01
4.704864294599537811e-01
4.655450704605532120e-01
4.754068597451043265e-01
4.665667890026255482e-01
4.680729551959528223e-01
4.651070083382037867e-01
4.672242202283043988e-01
4.591069368087961622e-01
4.650345881143420068e-01
4.651500757349481541e-01
4.650585498608900137e-01
4.722879323091751513e-01
4.632782664697124297e-01
4.663687772236843609e-01
4.635724697813285444e-01
4.603255051002124731e-01
4.627778510893568176e-01
4.620405544581758228e-01
4.708394107127373274e-01
4.591901181322439185e-01
4.631973597062722381e-01
4.604843918903298583e-01
4.636864227077313605e-01
4.734081521334380094e-01
4.710235879203980014e-01
4.733283455295096420e-01
4.662971290054216400e-01
4.703688647946674406e-01
4.647896260367744281e-01
4.753750949107121704e-01
4.693935327606370556e-01
4.725778723155922290e-01
4.719116518481756839e-01
4.625923150327193034e-01
4.666371299594433419e-01
4.729218808340392988e-01
4.703681629474559811e-01
4.793430200625732884e-01
4.678271705555837046e-01
4.623011218957245871e-01
4.722812040528229782e-01
4.552879698400286723e-01
4.658782605292171031e-01
4.580870611972928108e-01
4.686208632109481464e-01
4.628596973525955782e-01
4.640632509431992792e-01
4.670509267278169507e-01
4.687497173008722262e-01
4.601872597358153127e-01
4.742292226885498896e-01
4.690738075747598601e-01
4.607699731329363280e-01
4.664422631098729122e-01
4.742045974297550703e-01
4.708509164752319731e-01
4.634281139759039436e-01
4.657765272456228511e-01
4.701317541353404739e-01
4.712468376393438851e-01
4.712613051856391899e-01
4.622236229750972258e-01
4.685350028310483750e-01
4.599076936849565422e-01
4.679292779772350475e-01
4.581335147294325894e-01
4.616793317688531184e-01
4.648918635629099572e-01
4.693734246116261777e-01
4.646507858759509890e-01
4.690995194578166383e-01
4.672211161403411195e-01
4.699776439785509630e-01
4.703563580868701521e-01
4.593450834693455498e-01
4.690203792769502278e-01
4.653264311371470008e-01
4.636908713870447341e-01
4.737105205813403885e-01
4.645177076106318803e-01
4.642565948956168809e-01
4.729375005046790315e-01
4.630978242078855334e-01
4.667884049592044837e-01
4.726440361681203961e-01
4.713282052095481567e-01
4.650103356559898704e-01
4.727837738657797995e-01
4.703127170254561840e-01
4.559034713831119356e-01
4.495588780034890375e-01
4.622579552058013741e-01
4.616645194937664676e-01
4.697513830096179954e-01
4.696849039617187471e-01
4.588890856562998222e-01
4.659481240097847476e-01
4.652726200941016410e-01
4.657094910799471910e-01
4.638706256097075986e-01
4.678401644567961037e-01
4.691825270819373617e-01
4.701851325577562912e-01
4.567972062173615844e-01
4.620335356708824559e-01
4.659120539980494136e-01
4.655769349288836345e-01
4.679789678381063300e-01
4.645226423265896298e-01
4.733764121480175113e-01
4.673005199800941978e-01
4.634926788445348778e-01
4.665083424529188338e-01
4.686386818115861330e-01
4.688511682025975347e-01
4.687382673368953867e-01
4.688962426619342483e-01
4.684508490558977334e-01
4.692423348676129091e-01
4.671524466768564587e-01
4.601395376652590574e-01
4.620300719404424328e-01
4.668781546831359819e-01
4.771961755347529088e-01
4.655719881160201856e-01
