4.918941138640507971e-01
4.871433258564142887e-01
4.914737353430580491e-01
4.934809496011151042e-01
4.947516377354189143e-01
4.935930056329060345e-01
4.926606475148943010e-01
4.946012414690557635e-01
4.978340386857875721e-01
4.912773655426424524e-01
4.941767765458673356e-01
4.945858596837980903e-01
4.882412413407959950e-01
4.957326973321183328e-01
4.934398900490921114e-01
4.958095869525216415e-01
4.931149138341603400e-01
4.975382094191487248e-01
4.918004683428291446e-01
4.916968809537790031e-01
4.865282940841993975e-01
4.954579144680087421e-01
4.954087552208238932e-01
4.936036690035032204e-01
4.932785550342764780e-01
4.937381008894169421e-01
4.913993330817715832e-01
4.935442216262395654e-01
4.908224192757441595e-01
4.938442944233892851e-01
4.894857310889408342e-01
4.915010081757943405e-01
4.983275831452995130e-01
4.973111274971572238e-01
4.936117554444634514e-01
4.943384138751445445e-01
4.935977271482478446e-01
4.912621156218110463e-01
4.930034614951784300e-01
4.950635901913272297e-01
4.906087557088119055e-01
4.902017401368744531e-01
4.927073376013043626e-01
4.962882957870194400e-01
4.962963663329842401e-01
4.941772116831456563e-01
4.913036021851306945e-01
4.936067657004578058e-01
4.945825762210552812e-01
4.946488750696734216e-01
4.980412565069495257e-01
4.913867361384047228e-01
4.942403842167865657e-01
4.901069226587376204e-01
4.915833607805329963e-01
4.938713852997099196e-01
4.943803948572474960e-01
4.937298138113471180e-01
4.903870946273689579e-01
4.894630204463294443e-01
4.991928235544683123e-01
4.956519113485816641e-01
4.938139352312738706e-01
4.929818322960050070e-01
4.967437201001347336e-01
4.908016559214110619e-01
4.874811163193299435e-01
4.925515716802180699e-01
4.959198271169716898e-01
4.947253347054139105e-01
4.906296015355252060e-01
4.919919990114089425e-01
4.914298083724208954e-01
4.961804091282459028e-01
4.943477223497220185e-01
4.954695557402462591e-01
4.889789012215555730e-01
4.952057433677464759e-01
4.920537869492015437e-01
4.975567361057031679e-01
4.931101883937318298e-01
4.925234307265537459e-01
4.978514916684026459e-01
4.922536463076243041e-01
4.927906501731824096e-01
4.978489936892410705e-01
4.917859691925358101e-01
4.927769787005736313e-01
4.900234578547184583e-01
4.916098453087558995e-01
4.930420947177481250e-01
4.947299924518070990e-01
4.939110577829030624e-01
4.972316413411347336e-01
4.929446401166729386e-01
4.965816333416302464e-01
4.914996697524265934e-01
4.923344389006737987e-01
4.963754590499660502e-01
4.938505698819721790e-01
4.955830781368902871e-01
4.964969606568395699e-01
4.943654003917511419e-01
4.918519380189632084e-01
4.899469795010435447e-01
4.932931559774866859e-01
4.975364730739810226e-01
4.960083753490053815e-01
4.951194924424918153e-01
4.895481595478081149e-01
4.970834267111530758e-01
4.950106260526426771e-01
4.913762723445238567e-01
4.958601036047567412e-01
4.907192936484157664e-01
4.913983886288831870e-01
4.929009107470908591e-01
4.925032986471171159e-01
4.890091839449916544e-01
4.912271196865458656e-01
4.988905970932754896e-01
4.924439557193437955e-01
4.969569636158320813e-01
4.988945077218344681e-01
4.951307384171844128e-01
4.934552202250205299e-01
4.978898560262296491e-01
4.944899211214773271e-01
4.936610663694011025e-01
4.916231810454817497e-01
4.938529930581948557e-01
4.935158147387753713e-01
4.944741986249594490e-01
4.990187194946721361e-01
4.934788938728611463e-01
4.938172192537372829e-01
4.931449435660302805e-01
4.910714230700413130e-01
4.881877733174347367e-01
4.934108068097202704e-01
4.910465328297395904e-01
4.907695587959164940e-01
4.899068555604922381e-01
4.935168322179617761e-01
4.989418560826699989e-01
4.949669402413549579e-01
4.936778149639736157e-01
4.964054087572810081e-01
4.991673458721852530e-01
4.966550545143043061e-01
4.968079745519396462e-01
4.932596266416652275e-01
4.921121372770173030e-01
4.929193583868180517e-01
5.004804723570993596e-01
4.937034665870993488e-01
4.972758006342257731e-01
4.895784130326999439e-01
4.957808312171427811e-01
4.976318322022813545e-01
4.917991740012571666e-01
4.896338268331533738e-01
4.947861840882961659e-01
4.946908395962929528e-01
4.911085978348241343e-01
4.968863771321181955e-01
4.940328055186852807e-01
4.916026788504392342e-01
4.887321247049780659e-01
4.965101243986730917e-01
5.040516141017944429e-01
4.959061011244701445e-01
4.875520873659512366e-01
4.924218983714268583e-01
4.923499842975558316e-01
4.944608976416203228e-01
4.959108944681650533e-01
4.877738652561618427e-01
4.984857313425472558e-01
4.952241575705443322e-01
4.896817501554017737e-01
4.931172956076138592e-01
4.903102827419580367e-01
4.933197366009599572e-01
4.942648745639895980e-01
4.978753456045251768e-01
4.955361838681171527e-01
4.948983559335833338e-01
4.902981104244591437e-01
4.926949282131400376e-01
4.947222096926961465e-01
4.948217316455317816e-01
4.941510701903616964e-01
4.927949431022476956e-01
4.951562593624297959e-01
4.972995612077728556e-01
4.957215414157770117e-01
4.944303044720997908e-01
4.954662589767041547e-01
4.953769081350744563e-01
4.921387922910836488e-01
4.953427001242717842e-01
4.970571505355721453e-01
4.930345998266794094e-01
4.910184078852514178e-01
4.953842607213218563e-01
4.919984312350344502e-01
4.922465283182769769e-01
4.959708740321701614e-01
4.902154940662645233e-01
4.963818599568557421e-01
4.917767808136708774e-01
4.946454006567795325e-01
4.957425118684469223e-01
4.940217936363060502e-01
4.920256546331536196e-01
4.982133243942340473e-01
4.873205533314473592e-01
4.906607182280967594e-01
4.925956039618960558e-01
4.937192217759795443e-01
4.966780330072194660e-01
4.929687963390869121e-01
4.957619011047206814e-01
4.888404263161326702e-01
4.957001003412433993e-01
4.900920264947627447e-01
4.919075334864154159e-01
4.898713335788104639e-01
4.940005032175494581e-01
4.959644553402414724e-01
4.926918309148198838e-01
4.910579106178050712e-01
4.879748227762135682e-01
4.901157814859364859e-01
4.941037019191694690e-01
4.879007386244784694e-01
4.980706287459600312e-01
4.945582932916731123e-01
4.957405554326297925e-01
5.000604726923122412e-01
4.918173340207394051e-01
4.975371181791775066e-01
4.938687488688135452e-01
4.941582149213263886e-01
4.962764538092127586e-01
4.960922238010492258e-01
4.898918501931627256e-01
4.909253923922300977e-01
4.946670861754305926e-01
4.964775792623199457e-01
4.994801444699514814e-01
4.940224179863449416e-01
4.940694207450408437e-01
4.960148001166250209e-01
4.946166224620465179e-01
4.868262311466030057e-01
4.862664050881647659e-01
4.942913840086132216e-01
4.960221981253492007e-01
4.944549133603471924e-01
4.919369046962326353e-01
4.992693946501331470e-01
4.917406098220952759e-01
4.970172161283542556e-01
4.894039539255083393e-01
4.973914536949945453e-01
4.949735334693248223e-01
4.905492570256739793e-01
4.931543732573298033e-01
4.997915158905789079e-01
4.896128096959306841e-01
4.915130580573124353e-01
4.942463885143134061e-01
4.936227792868016495e-01
4.956107981652659866e-01
4.930387210579859070e-01
4.948358983357615259e-01
4.925511077613112243e-01
4.915278014511146876e-01
4.953263170427942286e-01
4.919320410057639870e-01
4.958772295914765094e-01
4.893321422921234065e-01
4.906874564121224136e-01
4.935592267178108283e-01
4.942226434795283230e-01
4.947947736954063647e-01
4.993535762935251698e-01
4.972620219153639498e-01
4.951917787773791879e-01
4.924179220747382790e-01
4.992560638007285667e-01
4.907815070957900483e-01
4.943165452306202967e-01
4.910226544606444143e-01
5.001136570713556884e-01
4.968564489621627445e-01
4.891361547617952277e-01
4.938922747041117889e-01
4.899672790468441175e-01
4.911711412856518688e-01
4.858719663204766337e-01
4.918791398284335648e-01
4.898531685492852339e-01
4.945893711192774211e-01
4.975130951579200267e-01
4.900405057898616357e-01
4.977898942467936516e-01
4.915077369186781064e-01
4.905344649434337234e-01
4.903038545704852536e-01
4.960901706535053579e-01
4.924094582430241229e-01
4.940226356847631228e-01
4.880646522380942542e-01
4.943213250789383895e-01
4.951525311723389833e-01
4.963823461160465356e-01
4.955761375057806117e-01
4.869588021442005643e-01
4.932119837185285349e-01
4.978173699604877545e-01
4.980467485212289325e-01
4.975604408878280815e-01
4.971265468779494934e-01
4.945271556220988129e-01
4.941125152868885428e-01
4.851927364053595926e-01
4.961208866071339929e-01
4.921102045572776640e-01
4.899809067213289904e-01
4.930331518065174112e-01
4.941509390789399769e-01
4.898525427880772720e-01
4.963516948279301788e-01
4.906584858447744502e-01
4.935742010840838412e-01
4.913038599302045339e-01
4.929744920601471514e-01
4.977206350490833708e-01
5.028400327673283599e-01
4.927196721108504374e-01
4.919751262068243203e-01
4.892851767464908574e-01
4.933713578801964261e-01
4.909564341330103221e-01
4.922788068868159672e-01
4.912440972738796874e-01
4.893679481789244834e-01
4.932009774870818597e-01
4.923435746170563565e-01
4.977667575208524209e-01
4.943644286740069282e-01
4.939749339280579687e-01
4.958947480458670842e-01
4.961585212559066482e-01
4.937794380721278187e-01
4.928152992134041122e-01
4.953490639450777167e-01
4.852352919996479885e-01
4.969927638004639769e-01
4.919964129391249386e-01
4.971856604232101629e-01
4.894574127595684998e-01
4.921370720476549998e-01
4.934967002983783324e-01
4.974205454857438258e-01
4.982910497459442367e-01
4.971037831698469911e-01
4.950636725374491509e-01
4.831358296016624032e-01
4.880892091767216057e-01
4.966571230291909611e-01
4.980409393948410646e-01
4.959958445282953154e-01
4.890591827958432058e-01
4.888874189052330177e-01
4.967287623224889148e-01
4.919790906435319577e-01
4.908251140803870372e-01
4.916498492164916301e-01
4.912105824726049619e-01
4.941570110888955369e-01
4.979768853877225565e-01
4.917066262067503191e-01
4.907614618340634949e-01
4.981314000801632669e-01
4.895355313041886980e-01
4.930975831249000962e-01
4.945756756910580365e-01
4.989740238898167091e-01
4.932888857264177140e-01
4.946713135090114455e-01
4.915780449524029261e-01
4.975953658123031809e-01
4.947548286718033705e-01
4.923846871139193060e-01
4.965400732863108901e-01
4.891881069866905185e-01
