4.824007149685201057e-01
4.811731282957595335e-01
4.807434290501579333e-01
4.767711291251037764e-01
4.742448860856370851e-01
4.836175927280635389e-01
4.777433492741766652e-01
4.762643305126146864e-01
4.788198167319608900e-01
4.765022798323552133e-01
4.754541476899589725e-01
4.759429545745778589e-01
4.842055625144253139e-01
4.762059706186747565e-01
4.784244881308841180e-01
4.768477009472704142e-01
4.783915927757857456e-01
4.767610181597707886e-01
4.766386787062866226e-01
4.746165875887579655e-01
4.773313919384519766e-01
4.805585026155820838e-01
4.784664430914461475e-01
4.812103533584602411e-01
4.716896465843035680e-01
4.755438302589605204e-01
4.758649889714886561e-01
4.747459346327078111e-01
4.821650299039182408e-01
4.822342387417746790e-01
4.751792535540805829e-01
4.816443464522227602e-01
4.771679171195529756e-01
4.826567207589931296e-01
4.736503580429615723e-01
4.795025713398970435e-01
4.763955384856826125e-01
4.816863812369210907e-01
4.775820061883521150e-01
4.791046030623868357e-01
4.847191015400862391e-01
4.796131095260423582e-01
4.760212733054271506e-01
4.800691641750799987e-01
4.802976409312857409e-01
4.768999001385439973e-01
4.824075827575966535e-01
4.808598034341990402e-01
4.750941679705716347e-01
4.746068803387341051e-01
4.796151737105265322e-01
4.756922849063596748e-01
4.701054224049400210e-01
4.793557370155853148e-01
4.812453773476483843e-01
4.764502223614264786e-01
4.731141495281144804e-01
4.735107568945489676e-01
4.842841998975075946e-01
4.818352563469898153e-01
4.802500918961248311e-01
4.775816195849019730e-01
4.790191587270040130e-01
4.805404814077830489e-01
4.788978587176591084e-01
4.780176654165994021e-01
4.756779570341666541e-01
4.758030382134584291e-01
4.804248622590675533e-01
4.800193747131993871e-01
4.753974700637913497e-01
4.800845138776010934e-01
4.730193086976989814e-01
4.671898208677412456e-01
4.776124501325467731e-01
4.772620419517886736e-01
4.835501166113758131e-01
4.768860614804318332e-01
4.785008169126581667e-01
4.780444131141821096e-01
4.794581356299358332e-01
4.753237744648662333e-01
4.740191888729324843e-01
4.774905826224457028e-01
4.767504672536648225e-01
4.798022278609171964e-01
4.744030094872095371e-01
4.773877813337354947e-01
4.800852902007276546e-01
4.737616579653107229e-01
4.722318492264088730e-01
4.776639673159949195e-01
4.768507953530168875e-01
4.792298332960543417e-01
4.712317802381583154e-01
4.815689232474213988e-01
4.765527788823164523e-01
4.768476845175365630e-01
4.757425383393369955e-01
4.788210714744735030e-01
4.773104694137892401e-01
4.739231204183716462e-01
4.768088263676666938e-01
4.762581064271405595e-01
4.787506456276180433e-01
4.723146193159426520e-01
4.770755246832479868e-01
4.764510697544072637e-01
4.779405989948990463e-01
4.746656669488120150e-01
4.773900111480327002e-01
4.764108735858246235e-01
4.812720766643146519e-01
4.816678353194652762e-01
4.746673207782357018e-01
4.794353989989273424e-01
4.783115531027242739e-01
4.797729000417823575e-01
4.792289717926012660e-01
4.793163526843465250e-01
4.761699367131158045e-01
4.762794575304969968e-01
4.753407626318250090e-01
4.841428959218829209e-01
4.775622854070810108e-01
4.763742246586730733e-01
4.746959795822032202e-01
4.826470866013737870e-01
4.803792263099321835e-01
4.826069165497838820e-01
4.784974197801235007e-01
4.803971939412818859e-01
4.804190849261869567e-01
4.778895662128143096e-01
4.832202554200136224e-01
4.803523287762933025e-01
4.810027266638967625e-01
4.776695924865101417e-01
4.800480791124255298e-01
4.770647402672128501e-01
4.798225326357831722e-01
4.736901951865186144e-01
4.779378242648154584e-01
4.764476170507550012e-01
4.810500956437346876e-01
4.749242082705880663e-01
4.760993423915100276e-01
4.767748172706793852e-01
4.690549717860279522e-01
4.782353845235516876e-01
4.778037428220293648e-01
4.769569026336225037e-01
4.856271814950318677e-01
4.838780132889627383e-01
4.745261994292194752e-01
4.736783397987271438e-01
4.767740398481253861e-01
4.771700976011111206e-01
4.783496020242383184e-01
4.797611153980440024e-01
4.814350171580538129e-01
4.733783738063767621e-01
4.790556052999503378e-01
4.749021963386447220e-01
4.811564241262939468e-01
4.785872300401488033e-01
4.808865574898354978e-01
4.747734134702089603e-01
4.772548767608975062e-01
4.775284809072097292e-01
4.793649879143125347e-01
4.757630575366457171e-01
4.799698932487091452e-01
4.795576623479320677e-01
4.763970213174694157e-01
4.773123294433542774e-01
4.770080160097160404e-01
4.776913721336522589e-01
4.803256983670237679e-01
4.765271480140585436e-01
4.758295853813607756e-01
4.774358909202990886e-01
4.739204429922392880e-01
4.751710961703616287e-01
4.751480416887491898e-01
4.800732634313630287e-01
4.789915482978910344e-01
4.752015745268767244e-01
4.768616779550057805e-01
4.802095262493057404e-01
4.793041661515621277e-01
4.787353414221866554e-01
4.801399945102406419e-01
4.777373439582556225e-01
4.776359611636194491e-01
4.791511500156629966e-01
4.786567241922242144e-01
4.752794439231147194e-01
4.750364327278620569e-01
4.790167245058370438e-01
4.811276238851300846e-01
4.805567045729686737e-01
4.778151955884948898e-01
4.800048608432384012e-01
4.773122785570273474e-01
4.762930367728066550e-01
4.798712084409094691e-01
4.790648497053630606e-01
4.807991437257448375e-01
4.726488004016362043e-01
4.757742981282800376e-01
4.814210499046654990e-01
4.782971113783817674e-01
4.795072958295832910e-01
4.801453942758676652e-01
4.808101105579689616e-01
4.757932738477972934e-01
4.704124346561625036e-01
4.757862867762189252e-01
4.726284135282557419e-01
4.831500226510300200e-01
4.778202265915280633e-01
4.764502186608853829e-01
4.778490134622684349e-01
4.758027734537416120e-01
4.792336403991493965e-01
4.765182577597507074e-01
4.795603344020067937e-01
4.794932653856238125e-01
4.840379630630325392e-01
4.790832405306174047e-01
4.762978025000028648e-01
4.746225652657670713e-01
4.804791590128921763e-01
4.777724406043367122e-01
4.820796367748752531e-01
4.737886636755547776e-01
4.824358574280055434e-01
4.778711004349179281e-01
4.798279191092077456e-01
4.820331851427862024e-01
4.749633258867612673e-01
4.822483106490547122e-01
4.808441115906300078e-01
4.820931370311981046e-01
4.778941813520537485e-01
4.799182827245540572e-01
4.741193011450123840e-01
4.684559193133530086e-01
4.756984854715551325e-01
4.801784141756668123e-01
4.806691470360724971e-01
4.784511236261220213e-01
4.737334383704269736e-01
4.761951602517480175e-01
4.795540890142572787e-01
4.775645337274452840e-01
4.772452057849451146e-01
4.826735727042787971e-01
4.783462597116869275e-01
4.797197692973573790e-01
4.801702141115955502e-01
4.788993706679740003e-01
4.820322481344022081e-01
4.812027910234099592e-01
4.781821057990698343e-01
4.800610707618522266e-01
4.754846564771068596e-01
4.800486431330212023e-01
4.820063276947723074e-01
4.765149935046105734e-01
4.774528509469507243e-01
4.772701271194371153e-01
4.797399322461406435e-01
4.758157394431696829e-01
4.779053184753062622e-01
4.789044721268153060e-01
4.764564718058937332e-01
4.794642374443849331e-01
4.740688021444595113e-01
4.777330337439921193e-01
4.784167043106338779e-01
4.734601021126246811e-01
4.812053015493787944e-01
4.801379808704811514e-01
4.760089472703507019e-01
4.759384493276668238e-01
4.766465407895427164e-01
4.828530750795100301e-01
4.840230409281804369e-01
4.768415573966138243e-01
4.749524333017695610e-01
4.770867152790865262e-01
4.844439808388106838e-01
4.795965416798073644e-01
4.764146511193170230e-01
4.817011544069660922e-01
4.754061975609437107e-01
4.786488470004463536e-01
4.749195485329895106e-01
4.806693363593441126e-01
4.831145481471795788e-01
4.789697252780636960e-01
4.815253695733696659e-01
4.789241918317543867e-01
4.826304827027871891e-01
4.702722864004341696e-01
4.773342928083861292e-01
4.754563103201579488e-01
4.816616314275566357e-01
4.806045959763453612e-01
4.823608372878613881e-01
4.758532245961141216e-01
4.805977187179273913e-01
4.750389835392560545e-01
4.803914277490882179e-01
4.747115488248221382e-01
4.802011568367616223e-01
4.817347152332476790e-01
4.739643761230984964e-01
4.820229954184975796e-01
4.739123882062256099e-01
4.754246462785327032e-01
4.770318373915561905e-01
4.765708902839053684e-01
4.791758000411707186e-01
4.802809573070668248e-01
4.789310114429698451e-01
4.763956430923167451e-01
4.754463950296720087e-01
4.706111962656706060e-01
4.778878699436625022e-01
4.753941711619413257e-01
4.835653460683923544e-01
4.794304791146844491e-01
4.754084174104590832e-01
4.765605869238620507e-01
4.729375847324239768e-01
4.818001760942998701e-01
4.756562438977876561e-01
4.759313661284724772e-01
4.732576983858808317e-01
4.732781381012338140e-01
4.794253655797374725e-01
4.760828078184358714e-01
4.749039501433557908e-01
4.759556883816452588e-01
4.779710365989652820e-01
4.770102266083096065e-01
4.736296934416605042e-01
4.789792260478504815e-01
4.796641941710964030e-01
4.798573443901044122e-01
4.838555169782651211e-01
4.774042512115291848e-01
4.813481262798203208e-01
4.701766589215972125e-01
4.814191663053117853e-01
4.783395184700264813e-01
4.786892038032368180e-01
4.768724700672405392e-01
4.732971801437483306e-01
4.790308283701665282e-01
4.771434178066968901e-01
4.750749330096382117e-01
4.767373870989352613e-01
4.769475948371000307e-01
4.780490897275391782e-01
4.814731545157698855e-01
4.814477356442277700e-01
4.839476269709815925e-01
4.803587948763323179e-01
4.802516964638383068e-01
4.752307828750925167e-01
4.719556554135064252e-01
4.749365166008502337e-01
4.744230579250406366e-01
4.793767821152672970e-01
4.782701447094623859e-01
4.817316700540250629e-01
4.724092489019390828e-01
4.723968361036168240e-01
4.717042337584312905e-01
4.799423960138227696e-01
4.840104751868728461e-01
4.776821272325358914e-01
4.792242375509307983e-01
4.780406865223545410e-01
4.763250206613320881e-01
4.760902046150559674e-01
4.802373063683034182e-01
4.787114387537874105e-01
4.770197070938475559e-01
4.810925743647558317e-01
4.777313391795722231e-01
4.772715275134710167e-01
4.728998526409085024e-01
4.824525337977177974e-01
4.811885454175681143e-01
4.764485267655941825e-01
