4.927824300013821657e-01
4.935204735947998356e-01
4.925127921770375838e-01
4.930350872369662074e-01
4.928902924785208417e-01
4.932896897320814267e-01
4.932697371075200898e-01
4.933130014664082186e-01
4.934738415969424641e-01
4.931692256822338138e-01
4.940302891211026393e-01
4.936545112246752964e-01
4.934495100454380223e-01
4.917992069138306666e-01
4.934500250854232384e-01
4.936116760813984983e-01
4.944537024927288527e-01
4.933291652909893021e-01
4.944127228431249299e-01
4.941710241342675558e-01
4.929517790015421341e-01
4.926870749619474688e-01
4.932273254904431248e-01
4.933797612446589320e-01
4.935312393536444020e-01
4.934626334999344111e-01
4.941007562400905329e-01
4.938389668136949906e-01
4.935526028255978748e-01
4.921948188702264249e-01
4.926952966307259763e-01
4.923307053486393747e-01
4.925499344607670027e-01
4.914793120229088985e-01
4.921469172122965863e-01
4.926484583132189621e-01
4.923284915884141300e-01
4.924568972501395248e-01
4.918944998119051948e-01
4.928728498080256482e-01
4.923133979634637392e-01
4.929151079698357307e-01
4.923680297743428524e-01
4.925758119579619621e-01
4.926041719817416675e-01
4.918681513106961667e-01
4.912494205901765665e-01
4.911621539251834756e-01
4.895520085643613739e-01
4.899536869606173073e-01
4.891775896689009584e-01
4.890621338330227164e-01
4.889064296044446922e-01
4.880806936036066190e-01
4.875669374535070988e-01
4.870000313950854642e-01
4.876856817902123220e-01
4.871447240227916309e-01
4.856174220761561577e-01
4.854987151238127630e-01
4.859748483581403100e-01
4.843050341441002549e-01
4.835306269521915667e-01
4.843921978115880433e-01
4.835942043411696201e-01
4.829221177975352997e-01
4.823426784990136884e-01
4.801375281965408193e-01
4.784154753529658022e-01
4.773166331979468158e-01
4.771085808013675322e-01
4.765163958392845123e-01
4.732074108155374104e-01
4.694924452453880237e-01
4.693780944355562257e-01
4.702087278805199833e-01
4.649488838368631138e-01
4.601720919968132484e-01
4.578426128884922619e-01
4.541810765201742539e-01
4.591210262650162188e-01
4.535821724930170773e-01
4.527856030807707599e-01
4.526390534091862539e-01
4.463540757816126248e-01
4.465073276155381299e-01
4.455166858747756642e-01
4.409071116907805621e-01
4.393361001293025758e-01
4.362447969629507649e-01
4.299916615111790130e-01
4.261459815924616978e-01
4.294767778871147468e-01
4.257548851366096399e-01
4.307563963693895048e-01
4.287347098989916505e-01
4.249140106910253567e-01
4.270502863779593317e-01
4.229953693277567761e-01
4.173762201941468297e-01
4.212398724018003304e-01
4.198371886159384947e-01
4.155140728383791004e-01
4.161048156820645882e-01
4.160238007633544344e-01
4.147081981235882786e-01
4.117605267677019176e-01
4.159968339706004437e-01
4.141366065122605855e-01
4.082796455438190142e-01
4.144535956768194973e-01
4.107260016231193411e-01
4.085305898736676378e-01
4.080347975429788332e-01
4.011077117351438681e-01
4.028425065889221779e-01
4.056773868716457843e-01
3.949647017495929724e-01
3.951672037268634252e-01
3.987267755610733322e-01
3.874377514507570952e-01
3.864214775131446511e-01
3.820186964664505913e-01
3.869293529636552154e-01
3.834664893918250939e-01
3.854279237032370298e-01
3.814644621076843656e-01
3.808456932628433989e-01
3.780522709151003524e-01
3.768226958634705581e-01
3.805652918581349242e-01
3.708099167687203268e-01
3.683240071289057838e-01
3.681901248364932711e-01
3.703292274370743042e-01
3.569263078219155894e-01
3.495995961632030746e-01
3.576871479620157279e-01
3.515633910993331557e-01
3.540216584333359950e-01
3.412933018836191157e-01
3.389116251433006988e-01
3.377984866110496642e-01
3.363319776320617960e-01
3.251151287711525062e-01
3.106010112253730360e-01
3.074226091084613643e-01
3.032998146644472204e-01
2.972774576602724150e-01
3.007962855015000048e-01
3.061530955064786230e-01
3.103495567846961123e-01
3.250045781815773527e-01
3.200945164253054531e-01
2.948006662627399854e-01
3.095124171443523475e-01
2.950494003882482286e-01
2.881486801910134177e-01
2.886889549056504967e-01
2.893668624831661762e-01
2.834903968741644409e-01
2.859759256856966303e-01
2.923171762832870724e-01
2.826687191492798235e-01
2.737525106176507683e-01
2.757143187255702843e-01
2.836694840423859554e-01
2.786081469035489033e-01
2.864306912389410487e-01
2.839619387755544788e-01
2.680689159532910759e-01
2.750587717709729318e-01
2.597341861086956416e-01
2.785310516893080846e-01
2.803818344711578314e-01
2.701485625459301154e-01
2.538317036641785651e-01
2.466035252794809285e-01
2.671546124695690638e-01
2.508276815004710225e-01
2.430403609070700410e-01
2.645038113501686494e-01
2.990770905525301782e-01
2.897429564454407913e-01
2.889804069361738836e-01
2.824326384902514642e-01
2.981686232238137113e-01
2.802876299583783593e-01
2.951935889545285185e-01
2.982655653820929231e-01
2.890506056921531841e-01
2.790800459656849197e-01
2.834081703460822332e-01
2.792210638262605515e-01
2.855797574009098505e-01
2.948666092489398705e-01
2.813144541413973854e-01
2.838828207339950671e-01
3.091676227369298813e-01
3.056944265441582376e-01
3.171950099683443214e-01
3.027324842013254802e-01
2.840294180746675279e-01
2.758035882992219134e-01
2.938666353956694288e-01
2.911101530957455052e-01
2.909490792446350893e-01
2.834279127758787542e-01
2.742100398132680805e-01
2.636571544245972509e-01
2.749439202488440093e-01
2.706188165687986036e-01
2.693928242577141585e-01
2.972447186966403754e-01
2.919869753530910383e-01
2.919726131533784130e-01
2.927610949224376258e-01
2.699477809330602107e-01
2.616732297964100562e-01
2.799828700787468372e-01
2.668670448299238496e-01
2.694137617375347293e-01
2.996568255142955661e-01
2.690402996352969089e-01
2.772220751097373426e-01
2.997524846550362887e-01
2.855959681633591374e-01
3.027260983202639255e-01
2.928890349850590269e-01
3.241739985744973018e-01
2.976541544473366163e-01
2.872859531989872539e-01
2.838689330301434333e-01
2.766026465536616241e-01
2.853399843722065343e-01
2.662474267496786617e-01
2.767370495175404677e-01
2.561652673145995984e-01
2.574296899035865560e-01
2.740656721928111383e-01
2.576954511177163010e-01
2.219577537786300292e-01
2.464883705174711337e-01
2.380976893995952470e-01
2.160383358867179471e-01
2.044767546942076186e-01
1.912056748955248686e-01
2.096448367458716433e-01
2.150138528903058066e-01
2.797348121863256210e-01
2.716660624210535668e-01
2.715293696878605667e-01
2.692806113970066528e-01
2.748171756043614744e-01
2.531313134064026027e-01
2.448664548190478962e-01
2.416880535700838273e-01
2.513442282565886976e-01
2.916396143442317457e-01
3.120820521235357359e-01
2.912537828127746975e-01
2.582664262751357964e-01
2.632125843675746091e-01
2.332037547964685154e-01
2.366862371765008077e-01
2.558031998406276042e-01
2.340852240664369477e-01
2.470150720501069208e-01
2.367759619009925098e-01
2.282405536621746334e-01
2.052440273101088231e-01
1.951935126015967026e-01
2.256613745206792476e-01
2.733181858518209939e-01
2.830706880609881737e-01
3.028817997664472461e-01
3.276259169577153685e-01
3.243201610666060497e-01
3.267977332167817384e-01
3.116031198143672798e-01
3.030151846054625620e-01
3.470277701110137669e-01
2.950421037900658461e-01
2.873653998814745258e-01
3.016643329107127625e-01
2.588347501490809721e-01
2.432659260014619074e-01
2.245207233223024124e-01
2.654610756991361842e-01
3.034308762365619527e-01
2.723673097458254033e-01
2.606617137092139269e-01
2.581510733909065380e-01
2.214539589174548961e-01
2.958446478567489102e-01
3.194744976762808886e-01
3.322087871958079308e-01
3.073637594622318781e-01
2.718848428669772832e-01
2.724733828642653122e-01
2.859384870274167545e-01
3.087602265165844129e-01
2.516169072505352045e-01
2.394871352064769088e-01
2.759427840364862550e-01
3.079486216603841697e-01
2.550107877766209508e-01
2.642289739432404083e-01
1.850630263193952241e-01
2.094775565846216658e-01
2.594090310864838322e-01
2.572146165501826287e-01
1.783520626371096485e-01
2.155686541386414856e-01
2.230951325189429180e-01
2.560158341827530326e-01
2.727945799650870473e-01
2.713895975086249579e-01
2.767402370939188727e-01
2.416516632009740595e-01
2.904334523588730232e-01
2.987146724363625161e-01
2.485847675232485121e-01
2.030218297244033576e-01
2.466263875524677407e-01
2.404748841649577140e-01
2.103924802512540937e-01
1.899862277616773953e-01
2.472180223391177711e-01
2.618417423217128670e-01
3.126988032457621025e-01
2.332195828590337972e-01
2.229096229389767592e-01
1.817558054325626726e-01
1.675960559968880936e-01
1.795046937989864255e-01
2.457950901862062387e-01
2.388487887743491189e-01
2.826679661434545743e-01
2.452254517655457211e-01
2.342534194519480251e-01
2.193335528711450044e-01
2.620812105790353286e-01
2.457147249716190029e-01
2.766874288370396173e-01
2.952802603661199288e-01
2.753061628752911938e-01
2.647709617825840800e-01
2.535023142568870180e-01
2.925829284410359499e-01
2.562251471313680140e-01
2.492796534843798872e-01
2.439540017479048806e-01
2.089649473933595514e-01
2.552985724252150312e-01
3.038289630341072800e-01
2.530752059317785685e-01
2.360985014491912837e-01
2.253466311501108044e-01
1.718409737273319249e-01
1.887184058909740225e-01
2.182510692458094204e-01
2.156605111294678800e-01
2.302292344758362364e-01
2.046008938051699921e-01
1.888149180720296305e-01
2.428704710959357083e-01
2.244660748241004422e-01
2.449855181718264274e-01
2.221169793779613211e-01
2.395291235521933293e-01
2.550916876961563662e-01
2.539887371740612299e-01
2.712625357663019932e-01
2.516041470652980450e-01
2.738622100475608390e-01
2.540944807019459573e-01
2.351186187635590508e-01
2.461442588197641224e-01
2.331810338139636563e-01
2.729061799384484011e-01
2.824644482437928539e-01
2.885765746411876886e-01
3.230083630172083664e-01
3.291442800551038772e-01
3.469439953848884040e-01
3.076489485093705789e-01
2.635068021358023538e-01
2.885460345373713209e-01
2.350894688696744395e-01
2.774266362691404364e-01
2.512864285434891487e-01
3.026399673758539688e-01
2.700107014681036866e-01
3.116411837741850932e-01
2.229039766807156264e-01
2.740107492110474552e-01
2.362452275888094200e-01
2.516030863691217645e-01
2.695631530065266679e-01
