4.941403341153020601e-01
4.937499296166223406e-01
4.959000801430946681e-01
4.951654697801362581e-01
4.953318616823163545e-01
4.955395769889385238e-01
4.960282858688930263e-01
4.950147670520251286e-01
4.961424455253241050e-01
4.944733752992239162e-01
4.967862507604708933e-01
4.958390345008995004e-01
4.953594906715767521e-01
4.941640465549412831e-01
4.941852162240062407e-01
4.925455973153372025e-01
4.932598619133100049e-01
4.957050086868478034e-01
4.942162049477153984e-01
4.932551272899549644e-01
4.935445229279105672e-01
4.944370945581521015e-01
4.959325212987886755e-01
4.941529984965003508e-01
4.951717012958271047e-01
4.954086794816359718e-01
4.951783884027975979e-01
4.949047845301170478e-01
4.931418570747607699e-01
4.930433156393385086e-01
4.952681588085183773e-01
4.934969285739354006e-01
4.937237819580961307e-01
4.935171024347614899e-01
4.954681455289540182e-01
4.945503479858845419e-01
4.970296271241373964e-01
4.934418236744473329e-01
4.952722367031801576e-01
4.931382735506911197e-01
4.942318591471155931e-01
4.939361332227426016e-01
4.949346981265174694e-01
4.933683364392402737e-01
4.955182997942493839e-01
4.953644931110602334e-01
4.955614481557795159e-01
4.951887829716704048e-01
4.926347728858890829e-01
4.942878554413833170e-01
4.951026175791243822e-01
4.940672789685027211e-01
4.939958873986775578e-01
4.913290615854613574e-01
4.942963783397866795e-01
4.950020403271903624e-01
4.930845117159776692e-01
4.929321966265218236e-01
4.963166536974133458e-01
4.976823379481145615e-01
4.958300483117284441e-01
4.937797685270896020e-01
4.937027039857220800e-01
4.958019972984628043e-01
4.940584091751551443e-01
4.934305801193858976e-01
4.947552794485955974e-01
4.942632414666597862e-01
4.930124332291757061e-01
4.937108694031148159e-01
4.932799781449095367e-01
4.909858573119453284e-01
4.931165287103456141e-01
4.943451998380856693e-01
4.962729108889814555e-01
4.952627699688610385e-01
4.956116243603406191e-01
4.948857145508948063e-01
4.935626210255626978e-01
4.936105013922187368e-01
4.927571620484305637e-01
4.938407150376211696e-01
4.936588414481252740e-01
4.930360882389002719e-01
4.922495134162818142e-01
4.945297523515325699e-01
4.926697387975911280e-01
4.946793729791765237e-01
4.946550058348814227e-01
4.939464284938833161e-01
4.942485774720162262e-01
4.953346993167024315e-01
4.926761650459181019e-01
4.931323342573046831e-01
4.932061540977688008e-01
4.928280591360070795e-01
4.926900279093521240e-01
4.967818765901083622e-01
4.919463867340833629e-01
4.928800230425501860e-01
4.945643689747792338e-01
4.946980450889185699e-01
4.950488586136690961e-01
4.951954046516924279e-01
4.956022858241433404e-01
4.946932097161720332e-01
4.954816823552287142e-01
4.944598927026700452e-01
4.925788073530110167e-01
4.938560258441715978e-01
4.956699528660784004e-01
4.921775024033811508e-01
4.939648142486685045e-01
4.946175315034123110e-01
4.939278029732859232e-01
4.932220339476945936e-01
4.945809798217005726e-01
4.972639862969809310e-01
4.948073454133556370e-01
4.950553449703712361e-01
4.933697254883079308e-01
4.928936459737511822e-01
4.964222523252767028e-01
4.939323777370698831e-01
4.919033202247682923e-01
4.937005863059629185e-01
4.946545113883727418e-01
4.938002021147776532e-01
4.939027024844725999e-01
4.920026139169558221e-01
4.934827720467143686e-01
4.935226122351394906e-01
4.935515402126893769e-01
4.946125900281194143e-01
4.959501570641740575e-01
4.959463556207265311e-01
4.947443426927134458e-01
4.944691260955750289e-01
4.955581765934300442e-01
4.954312028505015730e-01
4.920406672669431214e-01
4.949197583628580088e-01
4.936718064573100140e-01
4.923849230176605696e-01
4.954255786010573481e-01
4.925499328038921432e-01
4.945075960693106065e-01
4.935017880937609402e-01
4.924384410661177824e-01
4.932654550482832301e-01
4.926017674801712598e-01
4.929165125593105712e-01
4.943109211223820632e-01
4.945352835277970760e-01
4.944631998390380256e-01
4.931349691912995659e-01
4.931807268056059290e-01
4.939077536875447483e-01
4.947260378014792237e-01
4.954800901473622732e-01
4.919910295398026712e-01
4.920591095055408815e-01
4.947338406528006272e-01
4.938283389825461889e-01
4.939504793028881013e-01
4.942058585084628253e-01
4.961465662014075684e-01
4.947385327573275426e-01
4.953681337156212172e-01
4.922787167242179129e-01
4.955314964379248233e-01
4.947904596673589062e-01
4.934654241538773412e-01
4.934629450141383988e-01
4.945578896778083378e-01
4.924757003474911632e-01
4.933395695864045694e-01
4.942287418332959037e-01
4.917644617769411086e-01
4.920919425193192587e-01
4.952070551880149996e-01
4.910846688988549369e-01
4.945353108564595757e-01
4.943715769269621529e-01
4.935271356713883395e-01
4.950614019045324610e-01
4.944232152211702203e-01
4.939560712204542070e-01
4.939307851430013718e-01
4.966539366278488465e-01
4.921087894871638002e-01
4.929027527949800813e-01
4.941315856443226906e-01
4.950443702658216538e-01
4.956739816069098414e-01
4.935105327326356206e-01
4.956156190503387959e-01
4.952476489686866157e-01
4.920009524693031433e-01
4.942816873891103802e-01
4.941615169038461319e-01
4.945845623086175813e-01
4.929095808806244761e-01
4.919291986496165392e-01
4.938983332384666580e-01
4.935107606231786681e-01
4.930501055690234002e-01
4.917448837773958359e-01
4.945841907995020548e-01
4.954019392459445559e-01
4.938688010509525994e-01
4.934893773959513896e-01
4.949976978637463110e-01
4.936286534358548250e-01
4.951959850190426615e-01
4.953463621795027860e-01
4.945454882744653724e-01
4.952620821076944013e-01
4.943979055557111146e-01
4.929696584322966202e-01
4.959195249280516915e-01
4.958415673654606448e-01
4.933996512592881412e-01
4.934731313893802040e-01
4.936119669216618711e-01
4.956193609065309147e-01
4.953826150511282944e-01
4.938040793079748192e-01
4.933328543172026959e-01
4.939833068129130256e-01
4.944300372147670819e-01
4.926467337523788292e-01
4.957643634333777083e-01
4.938508424526732443e-01
4.947646060212899100e-01
4.927577262884047515e-01
4.930031551560737912e-01
4.936629735417478182e-01
4.952435336243224406e-01
4.936694404032043182e-01
4.945525862033159914e-01
4.959500463754076272e-01
4.925112202729839961e-01
4.945822742611707956e-01
4.916442935934990377e-01
4.926586779466840538e-01
4.957328546769735889e-01
4.957373049166178269e-01
4.941231837975186281e-01
4.961674302375976842e-01
4.937513792168899962e-01
4.948872610298015728e-01
4.951706671544662264e-01
4.941161269277874468e-01
4.939956634361333254e-01
4.923851346354896075e-01
4.952665928811599838e-01
4.936640620102722421e-01
4.945231219374481291e-01
4.968507302060575781e-01
4.912935691142517047e-01
4.960196378618869639e-01
4.920377452872072288e-01
4.938180255676237196e-01
4.956388172284952875e-01
4.917513265980907877e-01
4.928490049178574917e-01
4.960641212055757476e-01
4.960321550900668175e-01
4.927931983853748310e-01
4.947423045626908600e-01
4.957723785115463744e-01
4.908361256347807400e-01
4.959759839934937409e-01
4.943367134831452847e-01
4.963775289607693098e-01
4.921774306247950204e-01
4.953262410390443793e-01
4.941183199890003541e-01
4.940887376783495988e-01
4.969692319109789702e-01
4.948190735449174427e-01
4.947715587258277870e-01
4.939012218066785587e-01
4.940915940080337632e-01
4.941695410499702401e-01
4.944761214221489176e-01
4.957710867641623720e-01
4.918297826809343021e-01
4.923506681161863296e-01
4.954893506889145316e-01
4.949864845664938007e-01
4.920508344909350074e-01
4.949019839590239611e-01
4.931684268512269154e-01
4.945494084409512436e-01
4.958000853799782170e-01
4.939396004663712536e-01
4.947060073983263195e-01
4.924179289033648321e-01
4.963359433767022266e-01
4.941596518514299041e-01
4.939869936920854299e-01
4.936348144938894622e-01
4.947545099999208773e-01
4.934826426197206350e-01
4.941524261057353429e-01
4.952575713168585470e-01
4.940432483956135323e-01
4.922520661026102973e-01
4.944565775230197469e-01
4.921524881905220972e-01
4.950132097048900448e-01
4.953135796725651741e-01
4.948514017592233194e-01
4.942980068963656048e-01
4.933946672848893988e-01
4.937615979060118732e-01
4.935509996163346957e-01
4.929187650507272922e-01
4.931602567055103359e-01
4.968342641645338564e-01
4.928014169673099465e-01
4.936917528818068890e-01
4.945471725593075796e-01
4.937646957438770468e-01
4.915116218566900064e-01
4.945659228987563938e-01
4.948028344092783581e-01
4.945100740745279055e-01
4.932445683092028799e-01
4.941656840083790136e-01
4.934273801692659056e-01
4.949220909305210303e-01
4.942752581518949362e-01
4.938704263255029314e-01
4.938364923990856692e-01
4.941664768603120095e-01
4.926778637860018129e-01
4.935631905340069903e-01
4.938675089150414976e-01
4.915181439757946857e-01
4.943123438797617508e-01
4.936778029193945594e-01
4.947801795309032524e-01
4.977075765186704248e-01
4.942396289825825018e-01
4.944788701124142039e-01
4.944485500662054722e-01
4.919116520486423449e-01
4.952622700018025625e-01
4.906456074759337205e-01
4.942856580327670279e-01
4.947225784094884671e-01
4.962148862670261451e-01
4.942437348906440486e-01
4.946836822307799642e-01
4.953595527866828663e-01
4.925049986849162065e-01
4.923471565184524557e-01
4.942977173543589564e-01
4.929846605344061494e-01
4.948770980136825703e-01
4.934532551225492281e-01
4.963502147856820312e-01
4.913141267541533685e-01
4.947224934927348383e-01
4.934073364881660373e-01
4.953712348520751263e-01
4.943098713387120702e-01
4.932372600854877942e-01
4.947946737641797932e-01
4.936404364347851681e-01
4.941042948776003252e-01
4.944129860141946442e-01
4.945755513690058836e-01
4.944192022855756763e-01
4.937505969209541878e-01
4.942502631054505047e-01
4.952953887998641780e-01
4.941280200310029791e-01
4.922646414827437922e-01
4.927983705660670677e-01
4.933016597742579390e-01
4.928768684668733968e-01
4.949713159438811072e-01
4.949749444550192168e-01
4.948852913366680317e-01
4.941577576949791606e-01
4.944453077304409305e-01
4.940281205815160170e-01
4.955691643992456985e-01
4.932952700121799317e-01
4.954633248695972658e-01
4.936288838191993378e-01
4.928424651844708348e-01
4.942122953010271158e-01
4.935730311573136020e-01
4.950146771570099746e-01
4.942906031409449730e-01
