2.090327961348171504e-01
2.068421975038183258e-01
2.077696072974349051e-01
2.069009755702702069e-01
2.093738782762505912e-01
2.072887174913347619e-01
2.068397147628712740e-01
2.080288858242073935e-01
2.086666564142126423e-01
2.081543706515225634e-01
2.057913850419168522e-01
2.098581897895130388e-01
2.094472635385515591e-01
2.088605374331193587e-01
2.075702409678903959e-01
2.094149837126097202e-01
2.082653795118391549e-01
2.086120910882606760e-01
2.105167590105227471e-01
2.065725899467360793e-01
2.072888187355572398e-01
2.064976202627455404e-01
2.078841876314229953e-01
2.061257425190238801e-01
2.096051792072281816e-01
2.085045102059235322e-01
2.079180948375187743e-01
2.092262313959248332e-01
2.078920460216466815e-01
2.084353075835907732e-01
2.097117869984322647e-01
2.097787325871256492e-01
2.062097608014553662e-01
2.083557488294180415e-01
2.082355709239473163e-01
2.085406386113649035e-01
2.085792317317693711e-01
2.094525317970074574e-01
2.088768897142594394e-01
2.074172663967285557e-01
2.095064232704001994e-01
2.051365026831727667e-01
2.081420987454625227e-01
2.091181319930460747e-01
2.099673700962206846e-01
2.100143343854548872e-01
2.088853747057348165e-01
2.097217856352716903e-01
2.081393485037753843e-01
2.075150534622320631e-01
2.084723153857864497e-01
2.088451980313378864e-01
2.087268071430447292e-01
2.091758090217201438e-01
2.076858519857964769e-01
2.088348889963065058e-01
2.068048567137882876e-01
2.097202219470614692e-01
2.083768631635885271e-01
2.085942264852202466e-01
2.089184182230212350e-01
2.071921719165977782e-01
2.115172494842693651e-01
2.086418025108821295e-01
2.083092405700238126e-01
2.105760671613518820e-01
2.069608543025437120e-01
2.087149187065082123e-01
2.083911410630390204e-01
2.084248469766090406e-01
2.072393921123360794e-01
2.071485780103085039e-01
2.085433312423002339e-01
2.078212866168052675e-01
2.078809405503000141e-01
2.067805730745396198e-01
2.094341875721613400e-01
2.095555397797074504e-01
2.108403194356869015e-01
2.081645241228390897e-01
2.084215752889560513e-01
2.087168823527995876e-01
2.073770780688136139e-01
2.076240952657735228e-01
2.061287246505750237e-01
2.080361857857740138e-01
2.092937266782832761e-01
2.081133778187855277e-01
2.068667827968152517e-01
2.071072564795504722e-01
2.069455143828855259e-01
2.070649774456974901e-01
2.105883576017877623e-01
2.075152794407359724e-01
2.084789604090249160e-01
2.076078651335876435e-01
2.061296305266067386e-01
2.082025888805223990e-01
2.082930842267296800e-01
2.089099551619384432e-01
2.087378406318942392e-01
2.072004756767408251e-01
2.086116926570749375e-01
2.069655346714242006e-01
2.077370987950041548e-01
2.055985658833093532e-01
2.109784436877134017e-01
2.093135890185191805e-01
2.082623355317233527e-01
2.099848408607486450e-01
2.073869027681257138e-01
2.089122179506892052e-01
2.090843987042429186e-01
2.090162558800960635e-01
2.083808782863120768e-01
2.074969557784161756e-01
2.077522695043284295e-01
2.068970129529193458e-01
2.081003767129568360e-01
2.058964652809948948e-01
2.106075598918993041e-01
2.085478429534852740e-01
2.071970471688573956e-01
2.071426302824278531e-01
2.084861189581618257e-01
2.086914459210897910e-01
2.082713593330098034e-01
2.094784367770091416e-01
2.082293378873867618e-01
2.088267933161518375e-01
2.077174308295944294e-01
2.068745341237802626e-01
2.085300021477401178e-01
2.066576260327957215e-01
2.089665297471716143e-01
2.097371155310448765e-01
2.079774948969397574e-01
2.052159882766079191e-01
2.079182636171312826e-01
2.075062737499099030e-01
2.065303359702480301e-01
2.098890857376849717e-01
2.085125030377333044e-01
2.071241038796246547e-01
2.073371174990287225e-01
2.091384648673154378e-01
2.074923350442734737e-01
2.056870702953861874e-01
2.101856283626479249e-01
2.072569265919304848e-01
2.072749759554558258e-01
2.088440628249981224e-01
2.072563337371684800e-01
2.078622548919236701e-01
2.066964284522651296e-01
2.092454279923286753e-01
2.064391918632429712e-01
2.078376375657066399e-01
2.080662554115546015e-01
2.080215930407155467e-01
2.073094956495726560e-01
2.068696737312404332e-01
2.099497411023542870e-01
2.054432652220781474e-01
2.090904513986485136e-01
2.078206631681864258e-01
2.075885851778418445e-01
2.076579106914413775e-01
2.073404287965469051e-01
2.078565344050472552e-01
2.072129059652008665e-01
2.082490338647563222e-01
2.082561144917448037e-01
2.087148206565658248e-01
2.080946645947837625e-01
2.084030149489068950e-01
2.094113184406224681e-01
2.072635874579100146e-01
2.059024697751338784e-01
2.065510758225965193e-01
2.066197467680962463e-01
2.072293665106549609e-01
2.071564445690013689e-01
2.073241748211445412e-01
2.062582284828930190e-01
2.078485646857539393e-01
2.073392769245558376e-01
2.083224115239148688e-01
2.103122651387425435e-01
2.093686721008592988e-01
2.095827376547870491e-01
2.074280859429721569e-01
2.080617822183434273e-01
2.070138874101976889e-01
2.092159001680522767e-01
2.074235188526567519e-01
2.085413154813098857e-01
2.071809701747750754e-01
2.074669325432296763e-01
2.078116479610755130e-01
2.082126482989661020e-01
2.077211539823493325e-01
2.083238450643781214e-01
2.077098979206813689e-01
2.074935681439371016e-01
2.100651159435034110e-01
2.088927571417556472e-01
2.070831043560119322e-01
2.080460009474923433e-01
2.089488153644385171e-01
2.083657536646237041e-01
2.069004916221243440e-01
2.080442230997448516e-01
2.078873132434893856e-01
2.085752755800864555e-01
2.090489717987214779e-01
2.071199744204723914e-01
2.060345173628595483e-01
2.083675785416757575e-01
2.076230358150350785e-01
2.085833455832333816e-01
2.090791916855242738e-01
2.103018347469789717e-01
2.085081724593446928e-01
2.079114668911008490e-01
2.090404035412581074e-01
2.073051848695880162e-01
2.087099613953931898e-01
2.070324160298531446e-01
2.071165847628576584e-01
2.061139795021365295e-01
2.076737924866428053e-01
2.077783212587532569e-01
2.066210464935997471e-01
2.083593232906067183e-01
2.076829500592813627e-01
2.054913608274983039e-01
2.073721682916961351e-01
2.086634383956477157e-01
2.075319669168151915e-01
2.071276410266166546e-01
2.073599410295839107e-01
2.072742648243554864e-01
2.093126707266334818e-01
2.084560958644451067e-01
2.080127948973551633e-01
2.079218112581071587e-01
2.075827843961208230e-01
2.067175463976677896e-01
2.081815000845114727e-01
2.078959240680778586e-01
2.101443012903234653e-01
2.071910830285765837e-01
2.067213199829608383e-01
2.102859478831108353e-01
2.088966848386630271e-01
2.079204068320230636e-01
2.074923505122388823e-01
2.074792192570334148e-01
2.062826096804060427e-01
2.086784947851471339e-01
2.083472423247438310e-01
2.069200995103331886e-01
2.080548328944797076e-01
2.094973070777803315e-01
2.074008499370255665e-01
2.088899412809031297e-01
2.091060348231665589e-01
2.081641653282665649e-01
2.081914493882565942e-01
2.076624240948751754e-01
2.073074921327371645e-01
2.076088720746726290e-01
2.074702501353649087e-01
2.087116144826696718e-01
2.056479108628503916e-01
2.075427095033713365e-01
2.073585182096367996e-01
2.096749371517301619e-01
2.093197447928967225e-01
2.088803488753974147e-01
2.082465506872737959e-01
2.080338191610700826e-01
2.080652488612863837e-01
2.108059547428657310e-01
2.069361148472763090e-01
2.095617368552409043e-01
2.073266494921056358e-01
2.083196096357361748e-01
2.075992274907229873e-01
2.091953623760242076e-01
2.088800488472004335e-01
2.079899348146191096e-01
2.080485805893603213e-01
2.080368435644762704e-01
2.082145060341800413e-01
2.041024114317249449e-01
2.073006103765744346e-01
2.077310694832465998e-01
2.072622483729797960e-01
2.061867055979806629e-01
2.075112042619179364e-01
2.100552747857025448e-01
2.067326830379428715e-01
2.068938328020268336e-01
2.082448932451788359e-01
2.072579534509058907e-01
2.086923553778559925e-01
2.100996471899242157e-01
2.087286297094209375e-01
2.070023030892329252e-01
2.077778184516076987e-01
2.085983899224331251e-01
2.089805337475200697e-01
2.092560074793545777e-01
2.087935573536793821e-01
2.072412668562961247e-01
2.061081895553508181e-01
2.078474905683753982e-01
2.093318276802943190e-01
2.084139669759283442e-01
2.072446390401696537e-01
2.087487256144315018e-01
2.075283798251761624e-01
2.098676605018714447e-01
2.087819325614779509e-01
2.071276501978437101e-01
2.097106592202244713e-01
2.091066142077942225e-01
2.098741782800045141e-01
2.085694528276684501e-01
2.077940051597401416e-01
2.076548212353959422e-01
2.081918499713313331e-01
2.092709291252216608e-01
2.065865131963315893e-01
2.077193010838073173e-01
2.092144777470310857e-01
2.092125907274923202e-01
2.076757890425516562e-01
2.079181722973750812e-01
2.079680185936743364e-01
2.079175438635236794e-01
2.081185757749480780e-01
2.063212652461243468e-01
2.090258300590609741e-01
2.093044071500093917e-01
2.100937578839718878e-01
2.069785093718183311e-01
2.074665528599402287e-01
2.075854507297558993e-01
2.056943699227526401e-01
2.094787414515908441e-01
2.064862979011838628e-01
2.077745539398165309e-01
2.082727924056200774e-01
2.095241299556569736e-01
2.083036892199032764e-01
2.052080662266495270e-01
2.073862194170350004e-01
2.051970700434821160e-01
2.076061195031711770e-01
2.085933639602546297e-01
2.089419191787832142e-01
2.085181124864999569e-01
2.084019257940966929e-01
2.069095573094910101e-01
2.069849131860360680e-01
2.079305000981930551e-01
2.068974764566611224e-01
2.087716608959831743e-01
2.069037332989868416e-01
2.061180211363324855e-01
2.068169048027122536e-01
2.094132467488297178e-01
2.075085334247017688e-01
2.069139017882050402e-01
2.062812994591601556e-01
2.057570333669649920e-01
2.069960896234355752e-01
2.063362401942964164e-01
2.074068659755714528e-01
2.082576602356476514e-01
2.070271143558145288e-01
2.062931479604913076e-01
2.098371703544724132e-01
2.083234492889902700e-01
2.085966129266801639e-01
2.078551641110572834e-01
2.084139836185917027e-01
2.082011084024696923e-01
2.085115211899895293e-01
2.084945983372025746e-01
2.088365139123752323e-01
2.094529599349859439e-01
2.109308011893997470e-01
2.088598569265045501e-01
2.084172779238130935e-01
2.084022555280258537e-01
2.102726652071093272e-01
