2.104094983561914378e-01
2.157102539504534011e-01
2.228583236454764749e-01
2.197210176562186812e-01
2.228319510544651272e-01
2.260375441624996595e-01
2.211703349739982116e-01
2.161949112780995885e-01
2.273999318364900435e-01
2.239822623083306263e-01
2.064879744882783252e-01
2.155066388389272336e-01
2.117673790180019944e-01
2.184109279892093858e-01
2.151262347917835549e-01
2.217079584023313177e-01
2.196696812254609055e-01
2.240554612035366711e-01
2.214266024483720063e-01
2.181709314365167796e-01
2.240549403942306839e-01
2.227639134752633088e-01
2.172036159829582036e-01
2.149598449188372118e-01
2.128529470489406994e-01
2.186651889070855836e-01
2.155625078640052150e-01
2.217318652999201445e-01
2.162885437815053047e-01
2.152389104238882911e-01
2.120155507640386905e-01
2.164076963817671839e-01
2.184483432639225953e-01
2.109215396160242784e-01
2.229553721690788193e-01
2.213316054959545975e-01
2.208011433622480146e-01
2.198371925223674139e-01
2.161159326276811121e-01
2.229610528155661908e-01
2.189532647176981039e-01
2.197041905436453446e-01
2.170321158771153225e-01
2.184464291053392904e-01
2.180776810573866464e-01
2.230267335306728715e-01
2.163019448714751380e-01
2.168406286240782410e-01
2.194822466168612207e-01
2.239245259584279890e-01
2.236387291558072921e-01
2.195909751749404726e-01
2.136517929672607230e-01
2.185033530829241233e-01
2.225896296202599378e-01
2.171372728114087658e-01
2.187184034115400855e-01
2.177593467909172686e-01
2.140831362208332478e-01
2.185004191395979178e-01
2.159772464561733607e-01
2.160033717013697951e-01
2.181645118483868662e-01
2.152187803422561385e-01
2.190992407863610880e-01
2.172391561349628908e-01
2.160329774404274594e-01
2.189251754800524141e-01
2.244672585107273799e-01
2.203668201741505461e-01
2.245056879517386139e-01
2.254866822920503500e-01
2.173802443113126148e-01
2.242688071755717383e-01
2.144625269188760730e-01
2.172440992738064180e-01
2.202975934577745820e-01
2.162801278349212319e-01
2.180712115201367818e-01
2.220406756113225133e-01
2.124762184499345841e-01
2.196027383105658148e-01
2.169259273817593370e-01
2.198993839997962774e-01
2.148624173858284248e-01
2.211628307406473537e-01
2.096951610484684703e-01
2.208604543822323685e-01
2.194604163081275150e-01
2.234596995102785533e-01
2.228705799891678996e-01
2.187517190003808731e-01
2.126178710249417569e-01
2.145459890151447668e-01
2.198081057336419009e-01
2.257010883094117681e-01
2.198202360268196875e-01
2.183506268798928174e-01
2.184033468539859635e-01
2.263078366260222740e-01
2.191876954517806009e-01
2.189451928278958737e-01
2.196995298625898652e-01
2.046190908761213456e-01
2.225443263919369419e-01
2.173165390148331655e-01
2.214402637418429187e-01
2.176331029956422580e-01
2.176562093276776522e-01
2.164326659028438793e-01
2.178082355134517145e-01
2.168174184737202415e-01
2.125062027566725076e-01
2.150180043137547015e-01
2.172556090128383577e-01
2.192780620126042190e-01
2.127891622582568920e-01
2.216460921027918751e-01
2.188811391086191438e-01
2.185583560364696976e-01
2.112332760396485876e-01
2.158646715997895038e-01
2.166797684050289496e-01
2.152486966182945993e-01
2.147098789528867069e-01
2.206808966928281712e-01
2.172112583159636900e-01
2.162358835379020183e-01
2.216580632296230868e-01
2.172157360644011159e-01
2.200292474151788746e-01
2.239969192840997325e-01
2.203717965231746512e-01
2.129663209262472323e-01
2.137382824904901502e-01
2.254472811139823507e-01
2.207971095747551238e-01
2.191080810435605541e-01
2.254377615835621018e-01
2.227270235016734490e-01
2.140134577023179996e-01
2.123065437185825410e-01
2.218064580157296795e-01
2.148785935607155917e-01
2.180879608647788848e-01
2.181725915424714002e-01
2.168681747168989538e-01
2.142931225170398024e-01
2.159158840348769648e-01
2.145050605099712016e-01
2.230924898971543002e-01
2.225149037632558335e-01
2.240954413309053372e-01
2.224851994369289876e-01
2.182091733159245706e-01
2.135730173473176230e-01
2.183037310578044843e-01
2.200694682402257463e-01
2.153991031210758800e-01
2.189846856740746139e-01
2.194030726874071913e-01
2.220958909780730572e-01
2.239742630179471783e-01
2.153523943746437908e-01
2.193301346368127236e-01
2.172228786647472931e-01
2.214039168465194440e-01
2.203501527625417178e-01
2.253161970733835451e-01
2.300951452054074697e-01
2.167928894149702690e-01
2.219890751331980716e-01
2.194896139508222543e-01
2.158456737811971782e-01
2.277317587365248197e-01
2.252248353765072264e-01
2.247974930701977236e-01
2.222365464318444561e-01
2.205028317539433347e-01
2.216192711727281162e-01
2.191220561694300073e-01
2.114757275532116731e-01
2.119343315169643915e-01
2.102807939123526038e-01
2.183689339458350365e-01
2.193705944529616148e-01
2.097568704428002528e-01
2.139944004612727158e-01
2.181719468280375052e-01
2.242891381051815292e-01
2.190041118417505039e-01
2.185125299563106804e-01
2.132931504816815982e-01
2.159201958063639293e-01
2.191000585315558136e-01
2.234260439223265116e-01
2.156229450938266790e-01
2.160194764988089267e-01
2.184795640526422666e-01
2.169496143011092615e-01
2.215252504795615640e-01
2.229875902789893449e-01
2.216582132947648442e-01
2.196319375287044684e-01
2.152931182161728352e-01
2.218746327136067176e-01
2.196322543098408464e-01
2.218336740420479569e-01
2.165326609516735612e-01
2.185721233974741162e-01
2.135714552151460055e-01
2.117550234191383773e-01
2.145704545736460411e-01
2.207709950330724036e-01
2.191257443309559960e-01
2.131572785563039529e-01
2.260926093200792963e-01
2.171003478242945761e-01
2.160119069500883449e-01
2.197324111422147841e-01
2.180553136964454575e-01
2.169541136531644987e-01
2.120222143296543182e-01
2.207007719245208388e-01
2.261712903875903458e-01
2.235617879821906739e-01
2.210817173248559309e-01
2.144498126654315051e-01
2.155153126511248907e-01
2.097044557144712995e-01
2.253330587642074223e-01
2.127217827379732085e-01
2.188292328359856820e-01
2.175388268333115493e-01
2.197940233076402516e-01
2.105471491553004282e-01
2.155312661614237901e-01
2.156801641224390942e-01
2.151269244582693918e-01
2.207373805156846724e-01
2.210270353464231508e-01
2.229208032899348546e-01
2.192079838928945035e-01
2.204860341828958070e-01
2.202974952731364955e-01
2.125708877013836873e-01
2.202875294947309048e-01
2.121088690663225640e-01
2.193674414774834103e-01
2.183225686725128178e-01
2.206647440327934306e-01
2.132393095435628216e-01
2.224442167990843822e-01
2.196331846346353256e-01
2.249823871956043719e-01
2.133488744819354854e-01
2.230396723593910113e-01
2.206575519621412351e-01
2.132885169702785910e-01
2.169564895929713966e-01
2.223248896783407980e-01
2.196545423321991930e-01
2.206511781147975360e-01
2.126654595585339425e-01
2.254573087774795759e-01
2.150764260045806564e-01
2.173962479488903976e-01
2.163802259933032268e-01
2.263370001887498595e-01
2.153608729574245928e-01
2.171478733989131715e-01
2.210381862239518547e-01
2.152336944491332615e-01
2.209402425714209750e-01
2.174389212863520049e-01
2.202624117484028310e-01
2.136503863135421066e-01
2.259041581850600444e-01
2.179772818975678206e-01
2.166154568573602779e-01
2.193467177057741857e-01
2.189963310962530219e-01
2.269458900618314401e-01
2.211128136342964123e-01
2.227318540752470932e-01
2.150785687081582798e-01
2.226900369195777551e-01
2.183358425172494954e-01
2.127354547048969091e-01
2.172599739027495924e-01
2.223712131966531502e-01
2.174223206145591281e-01
2.135651499035468581e-01
2.237456283216796016e-01
2.174904495630950729e-01
2.193252692906405010e-01
2.233897242452924647e-01
2.174680924794129000e-01
2.133412781658780288e-01
2.197419954125673092e-01
2.179699535896327256e-01
2.203512879071959085e-01
2.115614930445668118e-01
2.174887732414588493e-01
2.135970757237617978e-01
2.156129745893000660e-01
2.190201747032579083e-01
2.229565141714927312e-01
2.183539767032771917e-01
2.225732641154164193e-01
2.136973888471746241e-01
2.152791760663892717e-01
2.168516759591218035e-01
2.129757430489857828e-01
2.231400970906304015e-01
2.202160053078416335e-01
2.185179723322442646e-01
2.156756523813279092e-01
2.192369322386697461e-01
2.223248255536020568e-01
2.222666463167752848e-01
2.140018452713212671e-01
2.150078963154437028e-01
2.203884711145553121e-01
2.216430728200255440e-01
2.139309429378805361e-01
2.216914958950068071e-01
2.200663469442504239e-01
2.130452599489284504e-01
2.136593050433363838e-01
2.155709500429815739e-01
2.149333063475692140e-01
2.137449944518184375e-01
2.209669059431901839e-01
2.159530871028607912e-01
2.208867609268865551e-01
2.171377836610532963e-01
2.220473381022325943e-01
2.225030842098002504e-01
2.148325587112927537e-01
2.193286429236411816e-01
2.126683951926795491e-01
2.165412657278074637e-01
2.232925152653353063e-01
2.201431304085201268e-01
2.162137851690341117e-01
2.163790144520260639e-01
2.261288132184268440e-01
2.217409206822859025e-01
2.177481419397069295e-01
2.172648591618317193e-01
2.114736030581964021e-01
2.157403466868360875e-01
2.171381906497248937e-01
2.177742128398877930e-01
2.190720323216540644e-01
2.169203862948555495e-01
2.247483919725215551e-01
2.149593978912491543e-01
2.185875482318495877e-01
2.276693334675721492e-01
2.189076736709915927e-01
2.159434912733418366e-01
2.133560524673810133e-01
2.187059357659206227e-01
2.161027665813936016e-01
2.135965506228658106e-01
2.181787215819660508e-01
2.166127059051020376e-01
2.177491927344172018e-01
2.164568576178482195e-01
2.164770496141835421e-01
2.183275218414074126e-01
2.148826736789732905e-01
2.117951597998963542e-01
2.211990301842196027e-01
2.145268237297974501e-01
2.181871808782510358e-01
2.199506621491772174e-01
2.221036943021838517e-01
2.197313338709036001e-01
2.166845529637618506e-01
2.202107209336670313e-01
2.251173977638219470e-01
2.191664039612513104e-01
2.158766731281997753e-01
2.170883535785587126e-01
2.205088011108265189e-01
2.192632993793465768e-01
2.160441966624868648e-01
2.134995062287887158e-01
2.183653810227953185e-01
2.178237304704037369e-01
2.168953617225103103e-01
2.164830906320407700e-01
2.139411144344383064e-01
2.221580731915547002e-01
2.137984800501253058e-01
2.171764334495463467e-01
2.173729195957984084e-01
