2.152104414817742617e-01
2.188079260668210346e-01
2.071117039162667650e-01
2.132621562264323534e-01
2.089252541825592224e-01
2.050336565232235841e-01
2.190066814332488898e-01
2.165800802185347262e-01
2.115893314303687878e-01
1.994204111001217916e-01
nan
2.140059482910636468e-01
nan
2.182921018805648594e-01
2.075710879119698204e-01
2.076363029834658869e-01
2.189898724489531823e-01
2.099119831024110761e-01
2.170216912880020832e-01
2.095030258025293302e-01
nan
2.108313535320550103e-01
2.177547179508312336e-01
2.135488345235176388e-01
2.095134223266530149e-01
2.147268653366543045e-01
nan
2.152420510270089127e-01
2.092470017967241747e-01
2.107416200152391061e-01
2.242413289802476506e-01
2.085303953258349774e-01
2.100309150128904512e-01
2.191608362745715577e-01
2.057893626322001013e-01
2.169715673870652173e-01
2.139983836454967536e-01
2.126838933883971605e-01
2.187729381298124942e-01
2.140055934932901527e-01
2.117342539446562533e-01
2.141801516889259016e-01
2.113843485821172985e-01
2.154381398351777610e-01
2.168639474621563146e-01
2.142372697693774308e-01
2.194058332623845253e-01
2.150698560424999517e-01
2.152504531035795143e-01
2.078007135968626407e-01
2.187632943374313022e-01
2.164479665186548607e-01
2.075320378886059414e-01
2.195042967289770330e-01
2.138349620534394091e-01
2.012112022049545312e-01
2.174680486933677492e-01
2.195963646445794892e-01
1.875359562503603195e-01
2.089550584831143254e-01
2.128634007784662996e-01
2.135470452718524204e-01
2.128761236217447950e-01
2.081611800676252122e-01
2.086984307190067056e-01
2.254995792340490635e-01
2.029193514159228218e-01
2.142401070551717968e-01
2.105094708224173605e-01
2.150534317659187622e-01
2.109074929510784679e-01
2.077477456848501880e-01
2.097720869942791555e-01
2.096118097211104592e-01
2.164908760337720672e-01
2.093570973691732950e-01
2.163284798932166575e-01
2.253768265247846070e-01
2.090483838326696597e-01
2.031477374606404929e-01
2.201230652774004148e-01
2.056028473855864291e-01
2.148007582069870192e-01
2.159315710288454426e-01
2.139179278417948638e-01
2.212310821578529207e-01
2.152433999252841290e-01
2.080469971467652224e-01
2.097748748331016710e-01
2.282075441998576426e-01
2.114910916241062033e-01
1.901507741764594528e-01
2.130757585757196704e-01
2.159746232160154600e-01
2.172826813334440554e-01
nan
2.065397659920101825e-01
2.210882341059293432e-01
2.056512157311815858e-01
2.179643364963690377e-01
2.112819085801242447e-01
2.164744714588651142e-01
2.050083217676719749e-01
2.236297308843874787e-01
2.071997029188362149e-01
2.191407170586403275e-01
2.167985202204677220e-01
2.095657684128083009e-01
2.189421020971956955e-01
2.191435927983163556e-01
2.019884717653123718e-01
2.062217221706172665e-01
2.127956551013474862e-01
2.096683663383612506e-01
2.154943103996563025e-01
2.166306793633399619e-01
2.073856659697348448e-01
2.082631854819985417e-01
2.157667854995686807e-01
2.115671185484741812e-01
2.066396347126018829e-01
1.998358960292920539e-01
2.157829192997939571e-01
2.075937220573046971e-01
2.113419389440366336e-01
2.008106523001174648e-01
1.927004498139675004e-01
2.172420866768558501e-01
2.173019039494863414e-01
2.187320662424103168e-01
2.137649920949342974e-01
2.105333028032189968e-01
2.097463397748978442e-01
2.080509290700855440e-01
2.096790763538548541e-01
2.063248755483207408e-01
2.124168558166650567e-01
2.086251800252594824e-01
2.015338538687447001e-01
2.049663642564328314e-01
2.109240783626154525e-01
2.111688595574918725e-01
2.083811800323767949e-01
2.087040459969788098e-01
2.056358753882235879e-01
1.936842787108780106e-01
2.013485523060733751e-01
2.060693059847213127e-01
2.063855860671013620e-01
2.033307197220620421e-01
2.030536377671651460e-01
2.079451279981272271e-01
2.075155854686007995e-01
2.124074814344741047e-01
2.108419184554108372e-01
2.007428669925233888e-01
2.084087334744173237e-01
2.013495554304655932e-01
1.934336925093547710e-01
2.022888229420028439e-01
2.000901390456426565e-01
1.996490755103201564e-01
2.043661878653384723e-01
2.090331570050186771e-01
2.047601969746033479e-01
1.999121682107453946e-01
2.082295345074030024e-01
2.073827055109359607e-01
1.997646472793757622e-01
1.997880624402255390e-01
2.038933568575156674e-01
2.014630931068389086e-01
1.961928423613297778e-01
2.064990406159741276e-01
1.963085257610065748e-01
2.011349339394054858e-01
1.987286111348171014e-01
1.998781088927565341e-01
2.000587798092806902e-01
2.093969707063199071e-01
1.923531734640818169e-01
2.013438121106744527e-01
2.061667125355078900e-01
1.882021035360683658e-01
1.987701726890522824e-01
1.915324031141280303e-01
1.987028437098858069e-01
1.941927756700825847e-01
2.000610183375844120e-01
2.023858329284663193e-01
1.973392082823229310e-01
2.079821794000114854e-01
1.842196253844903264e-01
1.931771092522543143e-01
1.850274531190159166e-01
1.990682414993165672e-01
1.915525368038681897e-01
1.952828551227508147e-01
2.002854822369789789e-01
1.950032768970960950e-01
1.841392033509552939e-01
1.952795902991914523e-01
1.995992031986288939e-01
1.946141480641355170e-01
1.850101935992234936e-01
1.845589126826174542e-01
1.986071510161638853e-01
1.890053475273475447e-01
1.766210580854540302e-01
1.951512704939653009e-01
1.906901894433433720e-01
1.945269606911367299e-01
1.968451511879518445e-01
2.006109668602011065e-01
1.879484841564964537e-01
1.885279140226581995e-01
1.879028127554435990e-01
1.963226576436570836e-01
2.003255612187678503e-01
2.014142667715099200e-01
2.004262289834217170e-01
1.914654436324595144e-01
1.945948415780486551e-01
1.890600335665145459e-01
2.004069206085091759e-01
1.840096499418104603e-01
1.967879613549059492e-01
1.925669392972413352e-01
1.899113559392817951e-01
1.901319620120288933e-01
1.924289687826178930e-01
1.938768601424268045e-01
1.941714489200471738e-01
1.968232783848740675e-01
1.805412712398054842e-01
1.967741538747757313e-01
1.859047604890042560e-01
1.858236958742157108e-01
2.004793048140649514e-01
2.040709368432407356e-01
1.866337704282494125e-01
2.026233833104709170e-01
1.951233633361032505e-01
1.917427383784076067e-01
1.904648350421369873e-01
1.957136674520801867e-01
2.014459601722749515e-01
1.931859401537432130e-01
1.935752080217903737e-01
1.929341296185454746e-01
1.961813577896785177e-01
2.008810289000503568e-01
1.967664432104334060e-01
1.921397098128572178e-01
1.909797903728459312e-01
1.892240073698203962e-01
1.890281512894638749e-01
1.996764230175647747e-01
1.953358958245982602e-01
1.953473872649416909e-01
2.053684036147525038e-01
1.901539066457814120e-01
1.984809348748326763e-01
1.946140478637022886e-01
1.945054783237063212e-01
1.980472609620372859e-01
1.968277597683907865e-01
1.926418127411151371e-01
1.911376448038763221e-01
1.958403774360870098e-01
1.911546853766252219e-01
1.885373724373118620e-01
1.908914665073415118e-01
2.016588431906297385e-01
2.013302182171793075e-01
1.995340828733215832e-01
1.923200992153802635e-01
1.953008915309374649e-01
2.034489302051875337e-01
2.080872086786624275e-01
1.911628658894946320e-01
1.900203315977468388e-01
1.897222618974016006e-01
1.957777000450826033e-01
2.011296253133448564e-01
1.860219763647015523e-01
2.038221635140678167e-01
1.929075578483492870e-01
1.866979401066143907e-01
2.007346056530548706e-01
1.977365566583569878e-01
1.963403735652603510e-01
1.970407998882197087e-01
2.103601940074063259e-01
2.157814140996089092e-01
2.146036894357345737e-01
2.122408266519510422e-01
2.021612066118427531e-01
2.166760120998134642e-01
2.112711778440174437e-01
2.222244856316357708e-01
1.979618667724973857e-01
2.162578462881797059e-01
2.002425117009496713e-01
1.964667154310622832e-01
2.034018059066878270e-01
1.935524964127188774e-01
2.002077263183443812e-01
1.928572964430998460e-01
2.016259293381287565e-01
1.872565100145488493e-01
1.936315317840025529e-01
1.960217279568694237e-01
1.951732247723963753e-01
1.986209213458877965e-01
1.952139950283042491e-01
2.004426229969074602e-01
1.957077747230439313e-01
1.896046264912475410e-01
2.008715920964332380e-01
1.925697382940235736e-01
1.921885721919179557e-01
1.975666563377027618e-01
2.000937370824822925e-01
1.959064173616417437e-01
1.921932861624778555e-01
1.995396186799576754e-01
1.929709425982785720e-01
1.997213128981250030e-01
2.036257598730968621e-01
2.029816610151840561e-01
2.091083834834391586e-01
2.042434453558832907e-01
2.039981295949241935e-01
1.981447137988561480e-01
1.935117485176216234e-01
1.891370861442052131e-01
1.865999616457625909e-01
1.902355528873077295e-01
1.976877998776349621e-01
1.972827070906782720e-01
1.956554001276218646e-01
1.960392854747369518e-01
1.892746719772003816e-01
1.882198269941605107e-01
1.862710788603791912e-01
1.961336626750279089e-01
1.846061628505912544e-01
1.972885595737568498e-01
1.957204279333643049e-01
2.010266953159662029e-01
2.058324413091480731e-01
2.139453082993976185e-01
2.016351110419308534e-01
1.942854695487689631e-01
1.944226395644595706e-01
1.782775820946906065e-01
1.967197551364143759e-01
1.943227348795811271e-01
1.920681644266509502e-01
1.955323731568932022e-01
1.897616450192667337e-01
1.938855978476665409e-01
1.911077362647705113e-01
1.876888924541404713e-01
1.983493644247836252e-01
1.897095315988112652e-01
1.964624680738520646e-01
1.864305390160286013e-01
1.948159301566039781e-01
1.925685815529218359e-01
1.923711299416858700e-01
1.960166474785785817e-01
1.898768136874102452e-01
1.899393093704409285e-01
1.878954674724329921e-01
1.850185779724041191e-01
1.950219840341765598e-01
1.897853358040273719e-01
1.804568763661216213e-01
1.937608821265062453e-01
1.904186704155655940e-01
1.916991157912767141e-01
1.899007480016132454e-01
1.898646337142794460e-01
1.930030751692795865e-01
1.911759713509688929e-01
1.920515543367256051e-01
1.996727235187824856e-01
2.001430194717459532e-01
1.992102822941950735e-01
2.078483896153358046e-01
1.853361743331439215e-01
1.979128630359169028e-01
2.012088309988707413e-01
2.062598176866881627e-01
1.844774341893446745e-01
1.944692996200923507e-01
2.030328418692373127e-01
2.085526006385746145e-01
