2.286948363040521293e-01
2.308323953786132754e-01
2.387877666558785028e-01
2.423926767567774754e-01
2.282602534761830615e-01
2.339047963920575790e-01
2.350056150180087067e-01
2.321086826341784703e-01
2.410173378748317607e-01
2.296572413165155757e-01
2.338920469354255072e-01
2.431146017024884143e-01
2.367231865448303774e-01
2.434442265323280286e-01
2.439219575102070936e-01
2.144694606603551879e-01
2.282090769734457514e-01
2.229539092646651843e-01
2.288515026491032278e-01
2.364495972174158744e-01
2.318309776619894846e-01
2.368645270525828461e-01
2.372912923992236411e-01
2.411339675635328639e-01
2.461602195578303509e-01
2.404822720554529725e-01
2.286791049936823805e-01
2.390999433354629167e-01
2.422149821613446552e-01
2.253038185573663643e-01
2.297087136935360707e-01
2.328467792673160064e-01
2.202856530250121569e-01
2.285441826560298817e-01
2.233365545707314825e-01
2.315588798460500586e-01
2.122768155296791415e-01
2.314595548186723639e-01
2.150494314625582548e-01
2.289080092755731988e-01
2.214933239684798716e-01
2.317563035336882016e-01
2.307870227660661355e-01
2.357358883397921434e-01
2.350501711448781950e-01
2.281652273035425504e-01
2.246442697903547614e-01
2.240330553274077208e-01
2.296245859097944819e-01
2.149165085042895607e-01
2.109626359639922843e-01
2.195036062860562520e-01
2.140165323704705802e-01
2.185898524241248475e-01
2.240060147331359441e-01
2.188094921282901506e-01
2.168536005860214610e-01
2.212144218383752248e-01
2.242315515486270339e-01
2.092411629979522569e-01
2.235210854619101295e-01
2.242007683965087095e-01
2.142822716359830681e-01
2.148906464253998172e-01
2.043295249127466129e-01
2.104237447559214047e-01
2.099339348180180587e-01
2.035233260810986045e-01
2.099347841744614585e-01
2.174122807198224649e-01
2.086794892989744521e-01
2.150281968356642093e-01
2.091643667770298753e-01
2.077206334518502673e-01
2.037295604938874627e-01
2.094113584644153037e-01
2.059285038166073778e-01
2.126650883367242617e-01
2.072964740634351821e-01
2.172685287264311538e-01
2.052979421111312264e-01
2.034474587458015016e-01
2.067387034730009676e-01
2.015598684076212177e-01
2.036779409799313045e-01
2.105849914024159886e-01
2.115890421725510895e-01
2.061300015577314237e-01
2.130452790070819225e-01
2.037087541698155146e-01
1.986227834482773291e-01
2.059386892204729813e-01
2.045780251550159967e-01
2.105781144349265777e-01
2.080602042806666274e-01
2.057353221048485725e-01
2.066964301820803096e-01
2.001503191014622762e-01
2.018654355899611175e-01
2.064320163860611790e-01
1.991713403709806651e-01
2.103226073101482352e-01
2.063143037492124743e-01
2.058878005620252971e-01
2.060885274063913863e-01
2.079507387681717723e-01
1.994366316630007130e-01
2.109005668851142712e-01
1.985703601630664505e-01
2.001599626059731574e-01
1.981907251474952225e-01
2.113173955637315804e-01
2.090139477129088486e-01
2.041810001527794849e-01
2.023048547647020856e-01
2.149772813991584208e-01
1.948432791613707027e-01
2.017238981682887289e-01
2.060732687363106552e-01
2.083243172479543881e-01
2.120848590495374997e-01
2.044463381664812507e-01
2.027332378102448818e-01
2.052432048956497335e-01
2.047384133393462258e-01
1.969275247987855859e-01
2.067717653359358032e-01
2.099620079832497932e-01
1.974032655200283481e-01
2.093346640377889423e-01
2.084981721699800949e-01
2.084373847662925328e-01
2.017209883769454370e-01
1.979292886685589670e-01
2.029646121988457341e-01
1.976440888227514459e-01
2.037093269064930157e-01
2.046248690757040967e-01
2.039670256333927512e-01
1.943098008772644048e-01
2.025122305809152201e-01
2.051978895642757317e-01
2.004444237766419834e-01
1.983460273807480245e-01
1.870340542958733032e-01
2.004804813612281189e-01
2.036766551690842586e-01
2.032472326793167972e-01
2.033147952345861209e-01
1.902620845531332316e-01
1.970419659065219264e-01
1.955729946189020130e-01
1.909252704907021259e-01
1.934717421925317149e-01
1.998401468469835351e-01
1.966542328831120123e-01
1.996998148458794531e-01
1.973345447914416628e-01
1.955021583744455116e-01
2.031878500653676867e-01
2.021863499327784808e-01
1.911803308108200039e-01
1.835030864110169524e-01
1.976214670436291510e-01
1.996144090924225623e-01
2.005620897400603730e-01
1.974824814981539223e-01
1.964262518728910056e-01
1.951600214035170699e-01
1.895960393986827197e-01
1.969559389340781730e-01
1.921744424725372880e-01
1.959812469920099720e-01
1.922522943067291046e-01
1.933947348624173723e-01
1.953178129692822729e-01
1.973147123263829517e-01
1.927172593142325308e-01
1.974258778362692202e-01
1.945663879100868465e-01
1.879254012217691783e-01
1.925264834011017057e-01
1.990309095767920089e-01
2.013381985041023114e-01
1.947993321684324264e-01
1.989616543753713052e-01
1.920245504173561935e-01
1.958905081101584011e-01
1.953739563390686218e-01
1.898260167312798563e-01
1.902447193692564376e-01
1.857319488678819963e-01
1.894635069656117332e-01
1.925334775712637669e-01
1.955503707908728961e-01
1.918590794684358891e-01
1.869990030633054967e-01
1.892901285660457400e-01
1.909823786231754639e-01
1.893864676971330208e-01
1.895263100461712646e-01
1.968951261139588460e-01
1.935366664516428303e-01
1.933270237045323081e-01
1.940725280631050986e-01
1.933120732515030415e-01
1.937991855442224298e-01
1.907453884633909802e-01
1.937981207246098903e-01
1.938847841505197400e-01
1.933268576352885626e-01
1.938426774430754562e-01
1.914438799568564942e-01
1.938091645603409741e-01
1.950172087625355322e-01
1.878041585313562079e-01
1.966671464244980905e-01
1.913038373841240702e-01
1.945695855716493006e-01
1.962642883396154558e-01
1.886662544197726665e-01
1.874307424962081137e-01
1.953672174338123568e-01
1.875019560475412184e-01
1.919206574787861719e-01
1.924295275799543514e-01
1.870817037820589057e-01
1.913942186569270454e-01
1.920602358636088469e-01
1.909213140988326451e-01
1.855597603817502883e-01
1.917594448277798458e-01
1.962281824677916120e-01
1.940431564491183758e-01
1.958638923790072262e-01
1.943290855246857796e-01
1.956486386113134579e-01
1.984952586376072525e-01
1.993691295997130630e-01
1.965070545805419899e-01
1.909029025520647682e-01
1.924780431476028064e-01
1.889676554196668967e-01
1.901768265567594374e-01
1.855475913500765905e-01
1.963271894933082684e-01
1.920843663586129235e-01
1.892904612987074131e-01
1.835701191424619905e-01
1.962470714082879264e-01
1.892701950102369246e-01
1.966094933827041702e-01
1.880694342035943156e-01
1.891908271345669190e-01
1.871034817651253401e-01
1.893866212216059330e-01
1.860418670945179487e-01
1.868405038381294736e-01
1.932606592850300564e-01
1.911784913614666126e-01
1.849972863743664098e-01
1.870510673623619058e-01
1.863307894085241001e-01
1.910939964119673928e-01
1.866078166185841103e-01
1.997591860651945772e-01
1.950909364924713063e-01
1.918514394410749391e-01
1.930275296523838724e-01
1.868124944937503695e-01
1.896184028976934111e-01
1.893920310144792118e-01
1.787733077870777842e-01
1.821886667859631548e-01
1.812960594478782717e-01
1.859791272016916575e-01
1.927088506709359328e-01
1.876583933228856416e-01
1.904940517101261777e-01
1.832423102025644845e-01
1.918368733165631834e-01
1.811239793177780721e-01
1.842450590030981494e-01
1.894799088536426868e-01
1.850880826583441718e-01
1.883029434041457173e-01
1.870112378082965654e-01
1.861380150672444500e-01
1.959333883653849029e-01
1.903062417169258946e-01
1.918476021381170793e-01
1.818017117085901635e-01
1.903529252267186500e-01
1.965801972254916929e-01
1.939102536363276064e-01
1.816215347301088079e-01
1.943092794832620429e-01
1.949575649425380752e-01
1.938108812551192495e-01
1.820534439814883165e-01
1.883053895194070348e-01
1.838728157631224491e-01
1.876737668132162362e-01
1.925574618582751862e-01
1.873654214387500960e-01
1.999824348229797266e-01
1.881649160263334786e-01
1.921519665961411161e-01
1.899343780481683730e-01
1.945118789171377538e-01
1.938776031923672427e-01
1.939473098587563005e-01
1.888048678273887282e-01
1.959515000742765578e-01
1.904265538866004581e-01
1.868296233952357333e-01
2.005448432593290864e-01
1.977750290327054128e-01
1.893028521964761346e-01
1.958832189732801765e-01
1.937786739689633664e-01
1.974324575928915748e-01
1.949923853472216306e-01
1.948620472522112068e-01
1.937982766712202654e-01
1.930919897565537835e-01
1.916512263813068273e-01
1.905623369999494832e-01
1.920142639968474008e-01
1.975989427705946155e-01
1.896195591643037581e-01
1.915185632017959438e-01
1.895282402307849334e-01
1.883540799515170949e-01
1.806437752464579716e-01
1.960003838995049985e-01
1.906790566466902981e-01
1.903464759422588970e-01
1.915987835776472026e-01
1.904933562516100687e-01
1.967186069480091060e-01
1.863645724655300928e-01
1.952441864285151263e-01
1.996811315049009661e-01
1.903274213238214663e-01
1.992686623346388297e-01
1.916221819092294443e-01
1.907247470971867587e-01
2.128883669364210751e-01
2.075046535029431427e-01
2.048712590423913960e-01
2.072467944714060373e-01
2.070334468626019997e-01
2.083896021408641608e-01
2.056720704043369097e-01
2.063588082459595352e-01
1.966883608518908422e-01
1.899810478415094595e-01
1.891423444586165792e-01
1.866728912509032223e-01
2.113510283050386018e-01
1.983199063894873215e-01
1.966254214292379454e-01
1.908245002498028808e-01
1.859763143593632373e-01
2.004487183498477043e-01
1.863947103816671336e-01
2.014485962471490865e-01
1.936425271215875821e-01
1.869391266191702816e-01
1.972248068767616103e-01
1.926691579740495430e-01
1.833378234560671394e-01
1.862898852506327529e-01
1.818297645677213192e-01
1.856018465629534209e-01
1.871710272164731625e-01
1.775740734989808833e-01
1.916144404606737739e-01
1.951991089438878113e-01
1.881468820678399712e-01
2.018677729234885088e-01
1.881347444357696908e-01
1.943741216962070750e-01
1.857906276055963368e-01
1.905995928128510208e-01
1.849840092609560116e-01
1.978209645678387640e-01
1.835482501470527272e-01
2.154858234814123197e-01
2.004633679402183788e-01
2.030510803500470696e-01
2.068126677380455192e-01
2.014407848143799917e-01
2.213355448475428922e-01
2.167428736832764380e-01
2.218209206737221939e-01
2.179607652826336950e-01
2.121942800847966548e-01
1.969978824003396911e-01
