2.607234982952965074e-01
2.591254613240935867e-01
2.639549791265826117e-01
2.651253525438921899e-01
2.668362136106295912e-01
2.657020413129977388e-01
2.623830323823559962e-01
2.632623365133615057e-01
2.677545354950816581e-01
2.598790931830905482e-01
2.653422477348231223e-01
2.659647125922430244e-01
2.620451238859225485e-01
2.625915067781204315e-01
2.601175018004799333e-01
2.596109740263543575e-01
2.594536786627891223e-01
2.667138880219658281e-01
2.597888403958943937e-01
2.581470919988984036e-01
2.617245590849895942e-01
2.633606362106178933e-01
2.663202325724961517e-01
2.624653282249250208e-01
2.619499469174355610e-01
2.638222698335190297e-01
2.628887851722156443e-01
2.591152084309492065e-01
2.563181817871698076e-01
2.599741685654095580e-01
2.664476041481472768e-01
2.575999860743161674e-01
2.589383628824077355e-01
2.600769146188066649e-01
2.646551336025580459e-01
2.633007043026444061e-01
2.672570334590568808e-01
2.597555134171261604e-01
2.638422968554917092e-01
2.563743360160881113e-01
2.603234050725847237e-01
2.626040060512647711e-01
2.638097330478968994e-01
2.590433799519062386e-01
2.632465687296052237e-01
2.612995171016433971e-01
2.617436424411466733e-01
2.631030387119774883e-01
2.583917118888132136e-01
2.609782238467682203e-01
2.649211374900719007e-01
2.619537630519184757e-01
2.641481553224420686e-01
2.519749756406892693e-01
2.597641959888277730e-01
2.639880411869568455e-01
2.594255620149578667e-01
2.570716461990401047e-01
2.648796143659164493e-01
2.709075134639764015e-01
2.658132206536086839e-01
2.576843149771083641e-01
2.589208758601853066e-01
2.628473781460181624e-01
2.605999098663026037e-01
2.619109785792494982e-01
2.621898890050559650e-01
2.607506446114525867e-01
2.591445190516331598e-01
2.589127804053053539e-01
2.603583766457167603e-01
2.548336584491182055e-01
2.613496884730389658e-01
2.624794602271641741e-01
2.643852113320561692e-01
2.674440975630816841e-01
2.638347940249408663e-01
2.639594511881241390e-01
2.590645471467393768e-01
2.608537070214652087e-01
2.580505228841292187e-01
2.597380237662567093e-01
2.608858590722351600e-01
2.582159578330208705e-01
2.552643251296004001e-01
2.629429528210507350e-01
2.576325669541233432e-01
2.632543670429292049e-01
2.601911934487941003e-01
2.600042869305271287e-01
2.624985938395958951e-01
2.621027981988971467e-01
2.536281711097761460e-01
2.607542573977227329e-01
2.588185948398920577e-01
2.555419004766946167e-01
2.577613626402523450e-01
2.672369808156294102e-01
2.574395642008844853e-01
2.583024363202762741e-01
2.614615492558323151e-01
2.634222916997330244e-01
2.633427530270898154e-01
2.657593432711643500e-01
2.653669341605300880e-01
2.626661341542990691e-01
2.618918036061670396e-01
2.624110698974090883e-01
2.586988323356766428e-01
2.631290495589669876e-01
2.653855101805679406e-01
2.579186833464285900e-01
2.584361040163734025e-01
2.612217100579110052e-01
2.605922752330147030e-01
2.572191022933023596e-01
2.601007277330076306e-01
2.672655850055302706e-01
2.625359653117207426e-01
2.646668437279321440e-01
2.566523788048407084e-01
2.566197831685741448e-01
2.676643420965682529e-01
2.569933338389522870e-01
2.537807917565084725e-01
2.605597205584497811e-01
2.613737154323526046e-01
2.591530175242183209e-01
2.622993799453672281e-01
2.586606180564344215e-01
2.580785579221140935e-01
2.609028768617633331e-01
2.567573652580336097e-01
2.613187470347043684e-01
2.667850136803273653e-01
2.648876325270509424e-01
2.630772721435974959e-01
2.614218078073745621e-01
2.616207257368998729e-01
2.617088627476280571e-01
2.554808361423021590e-01
2.606781894126921073e-01
2.586829667941613065e-01
2.521507784069494940e-01
2.594618523242992469e-01
2.551941585650327471e-01
2.630985282287883753e-01
2.591905505487602235e-01
2.558605052933789481e-01
2.602558605292732419e-01
2.580103218617679217e-01
2.597324920255431047e-01
2.597934815145703236e-01
2.599785828846449820e-01
2.619778262845046113e-01
2.556631402697451261e-01
2.579434166946283913e-01
2.604959598608040383e-01
2.626343456372813301e-01
2.626787058299466238e-01
2.577906490694960029e-01
2.567699801120027492e-01
2.638812943978005032e-01
2.647708191447999959e-01
2.568367419329976031e-01
2.615144052487597959e-01
2.658028884010873449e-01
2.629816884698073509e-01
2.646499949423118392e-01
2.565844024827458325e-01
2.621155785201635391e-01
2.627886369577104309e-01
2.573365289470709860e-01
2.563044188221347830e-01
2.628040608961302871e-01
2.576333826000626326e-01
2.617540462710333249e-01
2.607428583333631367e-01
2.549669889231300779e-01
2.542456981320795339e-01
2.662289988459144996e-01
2.562897072082869210e-01
2.609257510657331247e-01
2.619960199006686752e-01
2.556593582418084099e-01
2.651932402149633217e-01
2.614358294157963503e-01
2.591973786409907388e-01
2.600224259947827021e-01
2.651166375104562212e-01
2.589057723537133704e-01
2.583524522917172717e-01
2.584754751348826707e-01
2.634148321886368160e-01
2.661255929117373187e-01
2.618982372652849389e-01
2.648015680416986317e-01
2.625314315419799982e-01
2.570698077344364951e-01
2.633727606773169638e-01
2.607337644098949303e-01
2.662802403026572340e-01
2.594976468804832126e-01
2.538951036686801221e-01
2.601747072694140517e-01
2.611828057832652483e-01
2.586510964517889644e-01
2.565133050481831489e-01
2.603261830478907357e-01
2.632280737854523767e-01
2.605421409569190772e-01
2.581940177926948521e-01
2.638055084524757454e-01
2.596341486200051674e-01
2.655294693277740481e-01
2.607380380466373104e-01
2.603827629018601875e-01
2.646117810767544265e-01
2.625950387412949727e-01
2.598728385082701431e-01
2.669458115965535061e-01
2.658686934770029819e-01
2.602865945158074346e-01
2.589514788472941920e-01
2.592913073927138878e-01
2.653170619990904977e-01
2.631510209839185155e-01
2.610230364920264612e-01
2.580541047206162397e-01
2.636419344874780246e-01
2.598714073287851645e-01
2.557776066406683979e-01
2.616502621216020841e-01
2.600518713574194174e-01
2.629524797018783500e-01
2.611746137150630642e-01
2.597681616789876968e-01
2.596338081194534131e-01
2.658632073404059160e-01
2.604140148017135004e-01
2.623057849822109100e-01
2.658481825125319498e-01
2.553965346325627883e-01
2.604264374374063995e-01
2.535022434574695782e-01
2.572044194231121184e-01
2.639762072468755938e-01
2.645110584253524411e-01
2.567468671732843766e-01
2.678742088188346138e-01
2.585321348090346416e-01
2.649661116528775340e-01
2.623016555798917127e-01
2.564808847067427955e-01
2.602261029466934050e-01
2.543671526891033152e-01
2.624033555180458333e-01
2.621542435731908927e-01
2.600465737042379488e-01
2.679494109163740867e-01
2.510638778289216999e-01
2.648573129129149772e-01
2.566932490301245262e-01
2.578985796802056862e-01
2.634961643752923299e-01
2.544876127913704988e-01
2.576791231194461296e-01
2.642373271685746761e-01
2.625250553417377564e-01
2.580327366621786300e-01
2.655151236441464779e-01
2.674598528896200422e-01
2.544112954909934499e-01
2.688930243101236850e-01
2.599129732519478986e-01
2.669397475291518940e-01
2.574102402058260353e-01
2.663184730679558632e-01
2.621156091306483527e-01
2.602511805358901364e-01
2.681395256482204670e-01
2.625715229325725208e-01
2.598799386401033917e-01
2.618569199815253268e-01
2.634139295699225447e-01
2.593023282705293475e-01
2.616210429972840035e-01
2.645645244858824130e-01
2.564171055119110476e-01
2.560475641661724144e-01
2.657402791660528618e-01
2.628034315410357480e-01
2.553915331786820175e-01
2.643033903973822096e-01
2.579679084474832407e-01
2.642822462523706228e-01
2.670423328063409874e-01
2.582725556077922202e-01
2.651006484831437415e-01
2.601242481865783662e-01
2.622137214392947224e-01
2.607980764948084618e-01
2.602770298180788200e-01
2.614403410675208428e-01
2.644296044874135942e-01
2.572691447475161097e-01
2.608521821353644854e-01
2.632765225143984256e-01
2.629766516155744860e-01
2.580615070479829742e-01
2.627974865373021163e-01
2.547717292270921252e-01
2.598107517217838613e-01
2.650214675196096992e-01
2.633256938514855205e-01
2.634453639231153499e-01
2.607451847953877189e-01
2.615374297908856782e-01
2.583951020867173431e-01
2.588625717698238571e-01
2.623500804150799004e-01
2.699329170610200723e-01
2.563312265558818637e-01
2.621631423574481978e-01
2.628531349006588136e-01
2.606218233842064746e-01
2.535615426214800072e-01
2.616952138191866450e-01
2.645427059321253105e-01
2.618305048613645547e-01
2.597370858290449780e-01
2.596530414475831106e-01
2.573984173217408467e-01
2.638092929243554541e-01
2.632664653894764006e-01
2.624456788277833574e-01
2.590961655017839926e-01
2.621272724687883637e-01
2.563586220843871999e-01
2.572258438040763151e-01
2.619528414667952609e-01
2.530834139490677481e-01
2.617988498420140142e-01
2.600853053558274119e-01
2.634014504556390635e-01
2.714626409933620366e-01
2.600788756884100383e-01
2.613532539363884744e-01
2.634508371345750666e-01
2.548285886080690621e-01
2.663290282145417409e-01
2.521520360860660115e-01
2.636968262370373850e-01
2.622340358452651676e-01
2.674386570321872769e-01
2.628480424764355616e-01
2.646111424423161496e-01
2.643417174126423408e-01
2.581287720135911345e-01
2.610894302529351840e-01
2.639510568207504848e-01
2.554110512067860883e-01
2.620008166037878228e-01
2.582285416361903563e-01
2.694339233894716967e-01
2.531677943297010458e-01
2.567946338694375719e-01
2.590139400231962763e-01
2.623055570785442492e-01
2.585626038800147852e-01
2.599221043185846458e-01
2.646998430817850689e-01
2.610211796164457199e-01
2.641969816641792645e-01
2.573776355175572683e-01
2.617570206384851605e-01
2.638522215197067755e-01
2.592808841976198542e-01
2.640029803025857880e-01
2.622437688373546183e-01
2.616354637064463029e-01
2.576116430784770595e-01
2.573406293684549762e-01
2.605908383497431147e-01
2.587376000468955550e-01
2.604279231454586507e-01
2.657466469934297026e-01
2.639944227266790011e-01
2.598304234535995239e-01
2.591523707440834823e-01
2.606575578211252076e-01
2.639931422840035014e-01
2.579878234720717201e-01
2.654108514065118829e-01
2.599173551245853031e-01
2.569472883086421078e-01
2.625948304894714092e-01
2.597909509865988786e-01
2.635980426592277048e-01
2.600881380211854110e-01
