2.106641645138392083e-01
2.049960786953497205e-01
2.104255846942279795e-01
2.080840448948351185e-01
2.093740297553608465e-01
2.093438245949193477e-01
2.076839245420517566e-01
2.106144924881496738e-01
2.070809426389021990e-01
2.072185901158276888e-01
2.073962761960326251e-01
2.086663501769575324e-01
2.067003756257914382e-01
2.077835283514219700e-01
2.081707719399202294e-01
2.072332575509413521e-01
2.048772031552912321e-01
2.069022327754228008e-01
2.048731288762547786e-01
2.117057079325464219e-01
2.080970975389471456e-01
2.094353539677177023e-01
2.095010608176160471e-01
2.075308492323373333e-01
2.094553210552510814e-01
2.081385007319307978e-01
2.079079742545237031e-01
2.058505537778000938e-01
2.103481072070646496e-01
2.089040225287134567e-01
2.105192000278984787e-01
2.095532112341506326e-01
2.072975901459217785e-01
2.055166090995017014e-01
2.070216433522882038e-01
2.115062234917371997e-01
2.068611699763703571e-01
2.100644821890133018e-01
2.067087727792662755e-01
2.096123699114424144e-01
2.073086336231262927e-01
2.075510458626905197e-01
2.089277653838155224e-01
2.076678008695298505e-01
2.040364651865592682e-01
2.068849244239577279e-01
2.103401584132564839e-01
2.076335806331351674e-01
2.088734895818481763e-01
2.087465174975910720e-01
2.092505707898805467e-01
2.118971173049608581e-01
2.086183488738223846e-01
2.086801105198173023e-01
2.080643892775815296e-01
2.095717421656386192e-01
2.108908792874049642e-01
2.104373940211010374e-01
2.073295296478539773e-01
2.083275273663469651e-01
2.077151984339412338e-01
2.072328865886099436e-01
2.119996491511369763e-01
2.096197132249977280e-01
2.100941868069073903e-01
2.101995463842907252e-01
2.087685644400803231e-01
2.090064632737846095e-01
2.074832919423836020e-01
2.069905155239231132e-01
2.091890073384423121e-01
2.089394401211783769e-01
2.054526371979097099e-01
2.097279045770721884e-01
2.084174915862568034e-01
2.107694602394011019e-01
2.102432550191837002e-01
2.066879532991217350e-01
2.091887878045992633e-01
2.081419193594048200e-01
2.090108429641183985e-01
2.090593683161199312e-01
2.093388713667609091e-01
2.073883546544035006e-01
2.084247237298994804e-01
2.068017291265524249e-01
2.096017862881558724e-01
2.087234578567269683e-01
2.086973491626279431e-01
2.085785674646295496e-01
2.091090234451669083e-01
2.064129661525419268e-01
2.079616744258788175e-01
2.097391442020062613e-01
2.081358690492443597e-01
2.093928274774597975e-01
2.092850461920560956e-01
2.096854418949423426e-01
2.103747838204710063e-01
2.072917433558158773e-01
2.098775398788835511e-01
2.091118231677998873e-01
2.086934043060246768e-01
2.084258631023265529e-01
2.095737718417584328e-01
2.079113978894643056e-01
2.103768852432295888e-01
2.104707170264344118e-01
2.084720726754018538e-01
2.095549448176052543e-01
2.100357602912826527e-01
2.049329556259705531e-01
2.110514297439823328e-01
2.077797532743580200e-01
2.066184973079542297e-01
2.066776826728001226e-01
2.080390462534848772e-01
2.074459062678563614e-01
2.055658621640471806e-01
2.095918549742362136e-01
2.107036628690718838e-01
2.110652606520747876e-01
2.086621228205090828e-01
2.098352041802075130e-01
2.090632392314542010e-01
2.081275206643225240e-01
2.065734151299800647e-01
2.084041414731267472e-01
2.087778803982709153e-01
2.067724111683692800e-01
2.073173328067573207e-01
2.067481223912941979e-01
2.079145667051836566e-01
2.095427598675635161e-01
2.077335491433328629e-01
2.119789705668628510e-01
2.109766573426496983e-01
2.063343654942894345e-01
2.099672396088098358e-01
2.080801016378051316e-01
2.087300375019718879e-01
2.085066072281789584e-01
2.091877815563839560e-01
2.092244195313275323e-01
2.108551492253658011e-01
2.096395586359591501e-01
2.122487867999101885e-01
2.075272054843118885e-01
2.084398567181800777e-01
2.092602246352599227e-01
2.081549393529462388e-01
2.091805429237901248e-01
2.106983748269491419e-01
2.108544790759968868e-01
2.102565769837344556e-01
2.134538390632713112e-01
2.081359694207107480e-01
2.111499933388671923e-01
2.081817577574273381e-01
2.075369249423056894e-01
2.085620110921302395e-01
2.073494046235634936e-01
2.104628546595684324e-01
2.095332824837924102e-01
2.109846830869423762e-01
2.066916906508471097e-01
2.082750273027843824e-01
2.080972120698140193e-01
2.083239531313308412e-01
2.099609132670731126e-01
2.094350670511029022e-01
2.072225737134078538e-01
2.079799407021931112e-01
2.071524173766800259e-01
2.044100830859510443e-01
2.080367755697802579e-01
2.103913055721467196e-01
2.080948811544362231e-01
2.077990532514190081e-01
2.097108215169889156e-01
2.097456595435415183e-01
2.073296313471913177e-01
2.076950280414725236e-01
2.087968741190164845e-01
2.100408710348580787e-01
2.090336209087040042e-01
2.083993207605409625e-01
2.085249646284155212e-01
2.091124884372299875e-01
2.095412325981429458e-01
2.088120237420160730e-01
2.078621326131319669e-01
2.088854210142581935e-01
2.118771757740438300e-01
2.097015138770139397e-01
2.099491943588737419e-01
2.098368738697865277e-01
2.073900573844234263e-01
2.082901379483319548e-01
2.096739290342883033e-01
2.079184834819687300e-01
2.058265679234913270e-01
2.113672684348510966e-01
2.087800649582876589e-01
2.093860458004733749e-01
2.071438857403604950e-01
2.100235303999792025e-01
2.088788717607909795e-01
2.044054032272835664e-01
2.084432928595201240e-01
2.083046841387796444e-01
2.078569520839879392e-01
2.100993784605647285e-01
2.109340666504446737e-01
2.098535089013909838e-01
2.108432485346743712e-01
2.092259932648270482e-01
2.064214733614403996e-01
2.111519851566937833e-01
2.080423158974697428e-01
2.072420787257944486e-01
2.074582947777967867e-01
2.095531780221313312e-01
2.084458748961835195e-01
2.083898488548809602e-01
2.109962912095388332e-01
2.095140840003085481e-01
2.074258634660595957e-01
2.077935375781313487e-01
2.088048989742670170e-01
2.081660504493484387e-01
2.105486046040514481e-01
2.068530077450033422e-01
2.089011031683671582e-01
2.087928554286271610e-01
2.116156118927839391e-01
2.109442004633551304e-01
2.100363545837538037e-01
2.085148332715737463e-01
2.057901690363080072e-01
2.072204528238792420e-01
2.053391842552652058e-01
2.082718066820186120e-01
2.103284760605523274e-01
2.085883110916061378e-01
2.077036909935579267e-01
2.112117208097039622e-01
2.094042830053708393e-01
2.086247424243556081e-01
2.114557762670681296e-01
2.087513072020493465e-01
2.096451963308162414e-01
2.085392598296442745e-01
2.096433035655426713e-01
2.117701820531853740e-01
2.077239259580358210e-01
2.073874116082684571e-01
2.076001975826657631e-01
2.112763231188206359e-01
2.089631741406596244e-01
2.092878175785384820e-01
2.091824288740071203e-01
2.083327641068208613e-01
2.092794821668801375e-01
2.093642480133793560e-01
2.092603543955987022e-01
2.086549616750302816e-01
2.093209465384035239e-01
2.095325843214117523e-01
2.072056256083880388e-01
2.112551222927259997e-01
2.115214479880982434e-01
2.093053504966539968e-01
2.088223699899709462e-01
2.105489719531563331e-01
2.090572605916617421e-01
2.098365753304345938e-01
2.084837691369172963e-01
2.100292545818364942e-01
2.063078525076067760e-01
2.080196611822252295e-01
2.089382554166596406e-01
2.089147708417987415e-01
2.089223503783169955e-01
2.104289643515443453e-01
2.096079965365333087e-01
2.066300954298608550e-01
2.085460736829748696e-01
2.101195046975103675e-01
2.074671667213199844e-01
2.084764344093003041e-01
2.098111914650755971e-01
2.080956462160839238e-01
2.084529380048060487e-01
2.080828707988784110e-01
2.091715953126157268e-01
2.085623735065630646e-01
2.085057444008274474e-01
2.086764829299933288e-01
2.093246013268157957e-01
2.085920871135810151e-01
2.080938612881217120e-01
2.086735133890935401e-01
2.100502549654311713e-01
2.110210656730540368e-01
2.106302957313160584e-01
2.077964540912007607e-01
2.069232975205050340e-01
2.084731809284439685e-01
2.097703384393986847e-01
2.083190190487862470e-01
2.068012610414937391e-01
2.091375364638146384e-01
2.097618667580427032e-01
2.072933633953713828e-01
2.085219759949109852e-01
2.092275855335086476e-01
2.059536560608226374e-01
2.091448777991709307e-01
2.093340054048541954e-01
2.071517773492641545e-01
2.091874996667719422e-01
2.107409585151237830e-01
2.104329512937627988e-01
2.073547520563666091e-01
2.077694881452555875e-01
2.084661916429886852e-01
2.099320735670646421e-01
2.061164287835735298e-01
2.080809633218769217e-01
2.103542790632779713e-01
2.073605147043530161e-01
2.076964738479007144e-01
2.105044451839770681e-01
2.069658535962907164e-01
2.096400439406952698e-01
2.060498701479483163e-01
2.081469617558968643e-01
2.105078505509401787e-01
2.092030686657162242e-01
2.087486717433941485e-01
2.051269059171302866e-01
2.074688799550358786e-01
2.079448515926876351e-01
2.108707769919999642e-01
2.069118886655351985e-01
2.086895082012984737e-01
2.075135354389172626e-01
2.079238783380859823e-01
2.097143048763427942e-01
2.072755350249484430e-01
2.086569460074499949e-01
2.079514927470846875e-01
2.101844745189201946e-01
2.091903253844684674e-01
2.098726778229665080e-01
2.082940316050786445e-01
2.083117359321996209e-01
2.092092309035770703e-01
2.092591860402849002e-01
2.075817931747357958e-01
2.092331346602841202e-01
2.083170318094961782e-01
2.091642346445043987e-01
2.078604411056479417e-01
2.088738201938693528e-01
2.077182528309891585e-01
2.070565549347973822e-01
2.114437928878871165e-01
2.088341897371305267e-01
2.096215731895745005e-01
2.093750432009237328e-01
2.080131344478917677e-01
2.091731948376842898e-01
2.126432476138514771e-01
2.076885142641169413e-01
2.073984218251101463e-01
2.098119357331304780e-01
2.105858682090449574e-01
2.092435247326218384e-01
2.100843141622439070e-01
2.086987881068776973e-01
2.080811881887711656e-01
2.101842245801314735e-01
2.087713427510607400e-01
2.093018040236711008e-01
2.087192121134479605e-01
2.083178551365463815e-01
2.118070829894294349e-01
2.068384489810319027e-01
2.085860146047214814e-01
2.108038980354368652e-01
2.102568331857871953e-01
2.073671679545475988e-01
2.092572553824380843e-01
2.109011316369948652e-01
2.085036987605514702e-01
2.095446511586235572e-01
2.089504860679343712e-01
2.087835388706003326e-01
