2.434452997343050651e-01
2.422091785180735535e-01
2.368990435746105572e-01
2.297925513666175534e-01
2.331899902129988822e-01
2.417583389588859599e-01
2.383677533700637730e-01
2.367080612218538938e-01
2.409630752620890992e-01
2.299452513018915289e-01
2.352437610472275231e-01
2.320089350547732410e-01
2.429523369968541735e-01
2.366857790964073671e-01
2.379271311964085978e-01
2.379191002898247698e-01
2.357285173923336918e-01
2.336393461885406253e-01
2.326562644934780932e-01
2.259902307641231400e-01
2.392505136554287926e-01
2.394709470064697587e-01
2.373175784804663901e-01
2.410484349318635366e-01
2.287680360142262115e-01
2.366939314544724005e-01
2.307300744789108071e-01
2.334204955550587546e-01
2.436270537413010306e-01
2.452018448390478333e-01
2.284990564414312586e-01
2.446235581293139394e-01
2.344549348592896987e-01
2.379508773057903148e-01
2.296739801850351537e-01
2.405479366205451053e-01
2.323952201454203281e-01
2.409519704517586181e-01
2.355080280813062199e-01
2.392855230528350974e-01
2.423356032639020774e-01
2.371153328156024864e-01
2.347911961047931262e-01
2.431387918300896844e-01
2.448682972003948799e-01
2.363794149725970406e-01
2.424521867867283353e-01
2.406752707528473367e-01
2.343502209085364940e-01
2.280633158677647931e-01
2.379097771115409876e-01
2.307678923636749257e-01
2.278000304376647245e-01
2.382100767625804916e-01
2.404263026849772500e-01
2.339980191125956288e-01
2.316977564696143244e-01
2.310751135589837468e-01
2.406393310298237942e-01
2.375446698197756223e-01
2.374406649916135925e-01
2.327859740173749137e-01
2.397812252780159581e-01
2.428462662788162529e-01
2.371897703582325767e-01
2.383752584783397077e-01
2.320888635518564280e-01
2.345490130620786484e-01
2.401322494192305868e-01
2.347133234669099289e-01
2.327495490872250605e-01
2.397957367102521997e-01
2.330653178961078487e-01
2.229733242729372289e-01
2.326886784626644999e-01
2.354691527914441196e-01
2.417479712148729587e-01
2.267415023417760633e-01
2.381610466870575926e-01
2.314527836969627050e-01
2.359799500379302639e-01
2.286512511785480373e-01
2.325606480848064761e-01
2.343637112967610625e-01
2.370038064088423047e-01
2.358315857749395950e-01
2.348497367027043148e-01
2.354534535566820685e-01
2.389705816643497571e-01
2.310350949443116808e-01
2.294789820319885487e-01
2.324317827443694862e-01
2.320217151842508263e-01
2.391031135865752666e-01
2.289792575622693616e-01
2.398540429594934742e-01
2.372067934040968940e-01
2.342737639360021884e-01
2.362533533962630772e-01
2.285458710246645320e-01
2.340948540447518322e-01
2.304716527990346431e-01
2.330248248790538212e-01
2.315190814204919068e-01
2.388215772518501590e-01
2.280697256829729291e-01
2.329097629323283736e-01
2.342814435127666683e-01
2.346650324433078305e-01
2.281344863473992457e-01
2.358004580781798698e-01
2.376309304069998130e-01
2.406552254891948794e-01
2.399057911123600173e-01
2.341653169136584389e-01
2.386984504876025204e-01
2.367312055551611671e-01
2.428301169299828810e-01
2.329290747466755962e-01
2.405550966514077293e-01
2.356659422083575983e-01
2.337862055997194100e-01
2.330761064604161825e-01
2.430630857951458779e-01
2.374028657960192412e-01
2.331665796389991163e-01
2.315825095426489733e-01
2.465827467890359392e-01
2.399355990867795552e-01
2.407674789317038877e-01
2.369891893488969004e-01
2.403803444863573391e-01
2.371576648097560858e-01
2.351077055219790990e-01
2.440576329956591906e-01
2.373486572869196731e-01
2.377728563828483965e-01
2.399296486762224623e-01
2.363611272742489888e-01
2.348888627035227161e-01
2.402844431364483113e-01
2.324297838828173757e-01
2.338297574001439727e-01
2.266348184215846995e-01
2.411101327498244851e-01
2.331078051402928342e-01
2.309072280022924639e-01
2.349399675111295271e-01
2.241715421549401177e-01
2.414677397614481968e-01
2.342982372023227067e-01
2.315367202285187886e-01
2.428302299432574529e-01
2.420052163703635406e-01
2.320127303475868208e-01
2.280192729283928577e-01
2.366055821616765420e-01
2.369842147902045670e-01
2.379812657228842776e-01
2.314010481785070961e-01
2.397820227692431250e-01
2.277089852247486390e-01
2.397434489669676705e-01
2.297862983332116527e-01
2.411367362517561341e-01
2.345660888302862901e-01
2.414723285178769496e-01
2.328087228037777900e-01
2.361725305753355764e-01
2.398125397558358574e-01
2.336806361359480555e-01
2.355234206375771411e-01
2.374158010911961159e-01
2.333933477733557971e-01
2.350343935729620748e-01
2.350017988449307205e-01
2.345824168895246919e-01
2.325387066069192765e-01
2.378410339192064127e-01
2.362338899749566734e-01
2.338804771460928356e-01
2.369491087747185309e-01
2.303538422694797472e-01
2.309640835384998980e-01
2.314232977724388907e-01
2.379224510436233342e-01
2.394088825493915773e-01
2.346362913733469890e-01
2.292463070244327716e-01
2.335854705573098822e-01
2.354736392122648847e-01
2.374866097322466951e-01
2.364741474284809131e-01
2.383556426055252475e-01
2.369046326592546825e-01
2.375393157409287082e-01
2.334120358474822132e-01
2.335838852693416234e-01
2.325998128630454853e-01
2.340455187929237346e-01
2.421982575007747551e-01
2.363637743058190632e-01
2.400656515445835082e-01
2.384036191642796010e-01
2.348327497767519201e-01
2.370298161903579004e-01
2.407174041935233044e-01
2.364357188535902710e-01
2.412266714661630285e-01
2.335886047137951949e-01
2.306085456863757321e-01
2.401164602922551128e-01
2.361645043587168313e-01
2.358394132203302795e-01
2.382012820502620865e-01
2.388463554382934395e-01
2.313341825363918469e-01
2.278746567063932582e-01
2.360893423528716284e-01
2.289603161770431827e-01
2.435875578984539880e-01
2.349833679548516130e-01
2.341176540119100369e-01
2.362196240624035160e-01
2.298260357142162258e-01
2.395430965687291580e-01
2.380795911802651155e-01
2.389993225295400092e-01
2.381045595374196300e-01
2.448878829328510476e-01
2.422446339021642470e-01
2.326421438412384357e-01
2.334567810099730245e-01
2.365309534911915479e-01
2.368367455018829393e-01
2.402325072532301986e-01
2.314355832262998680e-01
2.415853261773240890e-01
2.380222982972194368e-01
2.400178650919258527e-01
2.426115599732614758e-01
2.308389720022414882e-01
2.361174909507516018e-01
2.389203234770060080e-01
2.401043524584350330e-01
2.345151722023453567e-01
2.369410788061684092e-01
2.328005072228899741e-01
2.219598804949278748e-01
2.312714814322486545e-01
2.374874816466413241e-01
2.406115309302086780e-01
2.336436174695813717e-01
2.303670382068288836e-01
2.358796809218752510e-01
2.393179607291249789e-01
2.284423331476230778e-01
2.360979360446168185e-01
2.424711049972752552e-01
2.343805717051626603e-01
2.379736277277877121e-01
2.376464551843212314e-01
2.397591396933815566e-01
2.415659974243437869e-01
2.385473142048905038e-01
2.334045403538215491e-01
2.381922308999942506e-01
2.309909592874125339e-01
2.420117532528017201e-01
2.408208230918114368e-01
2.358018368536258513e-01
2.318277995639584643e-01
2.376338708830225688e-01
2.377714317442253533e-01
2.321205645814388152e-01
2.326529186193366794e-01
2.358211646370038106e-01
2.344940959286554716e-01
2.327772765955451462e-01
2.281772608797049406e-01
2.327276840700209792e-01
2.327529512378719856e-01
2.323438618692834079e-01
2.407219261606542149e-01
2.351865309104863022e-01
2.359084295141325727e-01
2.316658758039494281e-01
2.335757134013143055e-01
2.412517474068715806e-01
2.459295837605743884e-01
2.295958019092059765e-01
2.346650720943016522e-01
2.349876198780962988e-01
2.456106680299047496e-01
2.370057697690211573e-01
2.326581309063642522e-01
2.433482555764891198e-01
2.340110724451543167e-01
2.350358322910896247e-01
2.344851021060695984e-01
2.383888279354899331e-01
2.411687061380042851e-01
2.405935424170610182e-01
2.444612103043165841e-01
2.409022831916680096e-01
2.402108903344335744e-01
2.262343624240065187e-01
2.345688996900978651e-01
2.293247392052125411e-01
2.397602596910560491e-01
2.391911224805031988e-01
2.391182842529517016e-01
2.290084124995665493e-01
2.401320185035125121e-01
2.348346747995407324e-01
2.377563939272287208e-01
2.311992786900458063e-01
2.360866161525803641e-01
2.400136389947607196e-01
2.348553335580099155e-01
2.391145920499669619e-01
2.247630032636736275e-01
2.318568865446138383e-01
2.325893854250227766e-01
2.389084266039217530e-01
2.383120713959135106e-01
2.422451921326913837e-01
2.395305350728344773e-01
2.300303711651264793e-01
2.302834703826084073e-01
2.271463061358123814e-01
2.388700973691464391e-01
2.341235302463207935e-01
2.423823900427086453e-01
2.387719827358425195e-01
2.268882409792732369e-01
2.363897583410300707e-01
2.265959058745904420e-01
2.397600896501918821e-01
2.331492441922750625e-01
2.329748209513239632e-01
2.316001251409953998e-01
2.284127625391978167e-01
2.385735341115840791e-01
2.355817060048270295e-01
2.309833172123680889e-01
2.332726607211050851e-01
2.363553006961901237e-01
2.336360985622727149e-01
2.320652019992880677e-01
2.400474338156040055e-01
2.376195356106154399e-01
2.378215709369291553e-01
2.434123021535275488e-01
2.368198275025413801e-01
2.400820648467508478e-01
2.251229458981695297e-01
2.378579930116693220e-01
2.352660595173359515e-01
2.358830094331908489e-01
2.359686480285806132e-01
2.313858082713164399e-01
2.369731206276974034e-01
2.348709662443494717e-01
2.347582135409515824e-01
2.325825051674161037e-01
2.344305899193847298e-01
2.360595945474161794e-01
2.429229530745373733e-01
2.441802748307410897e-01
2.489930073723363446e-01
2.375449975594334240e-01
2.401895870447879333e-01
2.320651911357547448e-01
2.313013471424207601e-01
2.338256532206714755e-01
2.295611174801745480e-01
2.388689747918948392e-01
2.381351729217509039e-01
2.403934786021210135e-01
2.275165824888894239e-01
2.284776727236041971e-01
2.299200289337915426e-01
2.333811153916938996e-01
2.414071067497861045e-01
2.365739062730270736e-01
2.377420435293607914e-01
2.379199554848322462e-01
2.319632866980119446e-01
2.363119316602812769e-01
2.425224159977580340e-01
2.392500958810170886e-01
2.339382871608837455e-01
2.397754339202084195e-01
2.395857933728845202e-01
2.336063210069184160e-01
2.297942805025349200e-01
2.428343002345541290e-01
2.343972765304700723e-01
2.294122697934337929e-01
