2.781879492604074078e-01
2.784990729727589431e-01
2.793817965275809390e-01
2.780367523736917423e-01
2.789894318574653864e-01
2.786316621066098342e-01
2.782806859787089748e-01
2.787986102852395009e-01
2.784541541458248615e-01
2.785746435141532307e-01
2.790286797039459032e-01
2.784008806303843175e-01
2.783024432804640513e-01
2.780507478931989462e-01
2.780764887199543844e-01
2.779441606658050179e-01
2.770019907307096352e-01
2.784896593606674409e-01
2.780964076949432040e-01
2.776119446820148329e-01
2.783700012378013122e-01
2.772929365872766616e-01
2.776637507424419837e-01
2.780321187876022559e-01
2.757937049713378719e-01
2.769831261382137977e-01
2.762941217193426446e-01
2.768441651506610146e-01
2.763550522179791802e-01
2.764678822339502462e-01
2.759842776877849402e-01
2.760087468070014372e-01
2.746677356061307251e-01
2.749564966684003853e-01
2.755201547487912128e-01
2.743437112610958573e-01
2.743044291241636956e-01
2.737628190497702341e-01
2.738910467513860358e-01
2.735561951945527093e-01
2.726653234103371681e-01
2.718518786843266977e-01
2.723962008584159822e-01
2.714957885441953711e-01
2.711377323060125133e-01
2.705457413487206697e-01
2.708492020581377280e-01
2.696434460564491320e-01
2.695678197300014345e-01
2.686175705821954307e-01
2.675125395641506643e-01
2.679048520986296866e-01
2.669638648932803893e-01
2.647620007556737987e-01
2.655753184900547792e-01
2.627755073341836445e-01
2.590555866615924518e-01
2.553911531175684924e-01
2.553399403618730745e-01
2.521870032236977477e-01
2.482146809479318927e-01
2.479695809896387271e-01
2.469224949808448144e-01
2.452141294784406234e-01
2.454655176897913016e-01
2.431608965158981728e-01
2.387733196546221459e-01
2.331870621338925920e-01
2.320322512662718883e-01
2.280861836403046683e-01
2.239045437705343145e-01
2.224304041901123408e-01
2.226234679470626143e-01
2.216712251205168460e-01
2.187779000840762711e-01
2.140660868878272727e-01
2.132232473500940695e-01
2.083887991508467930e-01
2.053641502236751015e-01
2.032945338479046904e-01
2.022435081172980487e-01
2.030042309815514034e-01
2.000209333223935126e-01
2.008094214514420661e-01
2.017880412273780899e-01
1.996059059269825187e-01
1.978796836934940961e-01
1.979622537270592231e-01
1.941627867460616053e-01
1.922975602765061298e-01
1.912264902963572155e-01
1.917670379795500812e-01
1.908064128105556312e-01
1.900695086011290613e-01
1.943390860232560302e-01
1.976158516372173157e-01
1.966595837070904129e-01
1.926559730501475887e-01
1.928261613505792560e-01
1.958708593335324044e-01
1.925682684253173793e-01
1.918169417959770529e-01
1.919855591409309614e-01
1.932347947797074250e-01
1.950872558326441075e-01
1.967343438497099750e-01
1.977561444131245849e-01
1.977798120949937899e-01
1.991300321143017471e-01
1.944649217256465001e-01
1.948907086232530561e-01
1.977020635575195417e-01
1.928686394767492318e-01
1.957260482584985140e-01
1.927772072651177948e-01
1.978073380431765449e-01
1.938213919407286712e-01
1.912012095383618659e-01
1.942075257707439884e-01
1.961494882500531556e-01
1.940982121010845218e-01
1.909972077639783272e-01
1.935939277412062343e-01
1.911218995372065688e-01
1.886567354229531646e-01
1.929445902113028632e-01
1.888321133867240098e-01
1.903407394005169895e-01
1.908154990511838900e-01
1.883902393349310700e-01
1.896569246642026974e-01
1.911085884741162977e-01
1.866833656311388534e-01
1.919758119118365469e-01
1.934711418777349812e-01
1.874867357245764143e-01
1.890977597000412236e-01
1.831542894823532386e-01
1.824319787856710229e-01
1.818595797813593595e-01
1.848504553051451005e-01
1.822940266817465182e-01
1.845625645686408967e-01
1.834627913480527672e-01
1.868250746279977448e-01
1.848324897451942284e-01
1.846158995384258594e-01
1.845613624183765900e-01
1.872476072736011243e-01
1.830807093980103550e-01
1.818917379171435811e-01
1.840435058246017996e-01
1.826126835062182874e-01
1.831814666800189173e-01
1.825012758802362633e-01
1.816790637220831450e-01
1.817949492955785729e-01
1.849522018188473615e-01
1.827034890842081927e-01
1.843423407388611601e-01
1.835153508759770624e-01
1.827489353943944905e-01
1.839939862770080814e-01
1.831819168702931155e-01
1.780948481926633853e-01
1.784552259049388967e-01
1.781368837401632599e-01
1.769011035546534660e-01
1.785645734552652186e-01
1.803259799259495089e-01
1.825355023783602204e-01
1.808028045948038010e-01
1.814957282240720893e-01
1.850656096029313913e-01
1.807838071319267659e-01
1.860612990647039500e-01
1.807583111777483764e-01
1.835421611824349097e-01
1.822105359970427885e-01
1.824987340270460834e-01
1.850026381347572302e-01
1.881658683996241532e-01
1.885447362919268899e-01
1.840464972174688796e-01
1.833319712718070871e-01
1.881076115072190524e-01
1.879311548475169069e-01
1.922537162610098438e-01
1.943952207881037286e-01
1.926959635054728837e-01
1.956014177733791382e-01
1.896860177963360650e-01
1.868833693805305451e-01
1.873602644252610194e-01
1.910405462118549558e-01
1.851516181110710868e-01
1.845564559823764939e-01
1.851484975242419784e-01
1.828628282698091800e-01
1.872724061794430184e-01
1.863885086608921826e-01
1.894949753006580639e-01
1.892626016482274742e-01
1.885691788869650887e-01
1.870540968666734305e-01
1.895128202444349708e-01
1.840308576135675500e-01
1.862860287268225667e-01
1.844328185699991851e-01
1.844717265867214517e-01
1.866274172523879893e-01
1.881456191487446972e-01
1.879890715374090415e-01
1.940460814342241658e-01
1.886100406942457508e-01
1.919136757094104528e-01
1.959605062667585107e-01
1.951398258190504553e-01
1.869260009778577480e-01
1.867076704279761745e-01
1.894189100445826113e-01
1.974566619643317866e-01
1.873795859126734520e-01
1.923993382699727139e-01
1.980898040128903914e-01
1.903131783530901677e-01
1.857799434060326271e-01
1.895627282307387196e-01
1.848317866791712727e-01
1.854101412604090005e-01
1.929598920009794605e-01
1.909463958136870532e-01
1.912735492875502208e-01
1.955943636770073601e-01
1.939281174411338349e-01
1.865051564961265340e-01
1.859249695699395910e-01
1.857931115403568534e-01
1.867291609857361923e-01
1.915784160340632813e-01
1.859127593492052588e-01
1.880449479371116839e-01
1.918167627178389290e-01
1.857858145658249638e-01
1.899989632945434381e-01
1.905012356574965482e-01
1.900841085692840660e-01
2.033321418129137303e-01
2.028147873521668476e-01
1.968704131718739536e-01
1.948892447157456187e-01
1.843909176052099530e-01
1.871787126580198302e-01
1.871311311514388398e-01
1.943076652216298716e-01
1.818814718928163376e-01
1.853169313351252234e-01
1.826413351040705180e-01
1.837838325905910286e-01
1.867212463361926089e-01
1.851901410291908745e-01
1.841430298160424972e-01
1.869663589669346149e-01
1.895025100917314687e-01
1.969220494302919011e-01
1.936052683940935604e-01
1.940786354775231592e-01
1.950453511144778496e-01
1.868494562624165301e-01
1.859372650441947772e-01
1.867388251209896877e-01
1.921699375276086363e-01
1.877115345214695197e-01
1.907862184107048109e-01
1.891983396858454847e-01
1.913966572459573079e-01
1.925880320862822792e-01
2.000191132740270494e-01
1.942450969438115349e-01
1.897613780514929294e-01
1.910922047154910153e-01
2.063432510143064225e-01
2.146714773090456219e-01
2.065399273877893682e-01
1.947362046489049536e-01
1.904619250556136567e-01
1.980536911764134711e-01
1.975725877115112328e-01
1.999839369388501376e-01
2.075845138565740600e-01
1.988576396791576772e-01
1.954402718873664846e-01
2.024257257747978933e-01
2.019790265954124753e-01
2.042278303253433902e-01
2.011558919538180001e-01
1.948289617285046682e-01
1.955983739727469861e-01
1.956551695259221013e-01
1.955950399514166660e-01
2.002857921483253145e-01
1.994329357712474882e-01
2.063850758578666955e-01
1.913808759640998891e-01
1.879897410046349471e-01
1.934185779339517297e-01
2.087546880210682521e-01
2.048542603632621528e-01
1.995441095156961220e-01
1.995056346257984559e-01
1.947070688218283663e-01
2.026246768072886284e-01
2.045810726164877802e-01
1.964532056593387699e-01
1.918908908624521736e-01
2.004100183920192457e-01
2.023417946604425255e-01
2.004169094584303812e-01
1.971482263774130550e-01
1.965924564303985211e-01
2.016648645902206771e-01
1.974373828242473594e-01
1.975950090678727233e-01
1.954778992083215650e-01
2.055740354373231382e-01
2.003409372579172676e-01
1.941336078433640033e-01
1.969996669053712957e-01
1.947649431730636427e-01
1.934782846789080135e-01
1.904549077691098935e-01
1.956399767868198802e-01
1.969028042425351177e-01
1.867394084624094119e-01
1.909388091272589683e-01
1.956756422170293774e-01
1.834938614856498340e-01
1.922272121046449400e-01
1.966340000386976039e-01
1.904827400239648971e-01
1.985724376684727399e-01
1.869870786542175978e-01
1.937651417602296311e-01
1.953609831762678217e-01
1.950696540515315103e-01
1.874400743356052779e-01
1.876258181211794829e-01
1.914822492943449583e-01
2.002531943635742495e-01
1.934643581097464649e-01
1.876132505956597529e-01
1.903937185744982719e-01
1.925452229289184580e-01
1.905244168567379326e-01
1.887295391648360354e-01
1.937975292882707923e-01
1.970682694659895706e-01
1.971005977480102811e-01
1.975145153037790036e-01
1.913070933344392099e-01
1.966424248179772793e-01
1.927293000736040318e-01
1.923166089980014315e-01
1.971681752359070172e-01
1.997251598943801942e-01
1.953637614070616313e-01
1.926860558740414453e-01
1.875120826364837512e-01
1.865537671650239759e-01
1.906517255224347285e-01
1.891991544546188231e-01
1.938295378506131039e-01
1.915403453132652478e-01
1.868123490042029322e-01
1.854955786012704444e-01
1.869247628789695304e-01
1.904895208058468292e-01
1.896166883476129716e-01
1.913200652853672967e-01
2.001962947808575699e-01
1.851166994327364534e-01
1.975282070781359811e-01
1.873646436437408913e-01
1.876989182035609383e-01
1.910117875434854118e-01
1.890004900278355326e-01
1.998568920862739962e-01
1.958781101515988665e-01
1.878166915908912327e-01
1.977990050859861071e-01
1.968502262244216372e-01
1.900558993443394740e-01
1.877424754378374805e-01
1.931803868078387776e-01
2.060064379789326439e-01
1.994251309816135187e-01
1.995932728245963239e-01
2.106582585761646864e-01
1.935430383009279776e-01
1.928624860225672810e-01
