8.677197499515727497e-01
8.669417777493455546e-01
8.662089515251022442e-01
8.654501939258945065e-01
8.646439425424258252e-01
8.649462405840901980e-01
8.620832064197894162e-01
8.602306092692770800e-01
8.570070138738097310e-01
8.551747976155392728e-01
8.517927983934663327e-01
8.503664972691336033e-01
8.471763088601533820e-01
8.479429554089479293e-01
8.455973234376482628e-01
8.435071750611532471e-01
8.423017806344244018e-01
8.386253619878879517e-01
8.372117548995664515e-01
8.334964613131524702e-01
8.305286853220589238e-01
8.273450699794863139e-01
8.256908545149547196e-01
8.247726008564019162e-01
8.218646401387927902e-01
8.197001991261955167e-01
8.151390006689188672e-01
8.087657719724509198e-01
8.016533324240961988e-01
8.000948163897220189e-01
7.946893447337491923e-01
7.877999689779979775e-01
7.796930789844804810e-01
7.740766155543368221e-01
7.647569445682909084e-01
7.593193853151126715e-01
7.502746658868465479e-01
7.445933831602704611e-01
7.417645068460450020e-01
7.369846247602048761e-01
7.294247948740125720e-01
7.249552754587876846e-01
7.225620979242695086e-01
7.191874089253426083e-01
7.144565949456331833e-01
7.039059967999190537e-01
6.999881834346182163e-01
6.928535065886048949e-01
6.861168287943553157e-01
6.767930090912956942e-01
6.724191412178111005e-01
6.701279811453243473e-01
6.668681313579803982e-01
6.671275824559954604e-01
6.643917377509619415e-01
6.558233048083218497e-01
6.513578162584116038e-01
6.394349167548842860e-01
6.314655848290693374e-01
6.312158807697043628e-01
6.280502801474373564e-01
6.332281140602761260e-01
6.373959131932439570e-01
6.310884878901658057e-01
6.170458011310732127e-01
6.213049125275409423e-01
6.137716692730487145e-01
6.003869019387156891e-01
5.923591956965392757e-01
5.817727255672129338e-01
5.769420231517971009e-01
5.733503631818859247e-01
5.695014128896259686e-01
5.588526511182533296e-01
5.535821344038286407e-01
5.547466255148950642e-01
5.568200572629795619e-01
5.610684310215819925e-01
5.644045018881344022e-01
5.515582231900132415e-01
5.430625951383053485e-01
5.338761087258488969e-01
5.292048763333758732e-01
5.279793219425467088e-01
5.168382155849766679e-01
5.164370104432965958e-01
5.183990620301200947e-01
5.107147901015195446e-01
5.053595541445667916e-01
5.059155191794435513e-01
5.005446809376677963e-01
4.997128513237191205e-01
5.024825486410003927e-01
4.955753422583059620e-01
4.915899120946550238e-01
4.941086771714481296e-01
4.863101350862995553e-01
4.840320488973884894e-01
4.794579185330821169e-01
4.752651784853948458e-01
4.863458104962949946e-01
4.787995411221788733e-01
4.772581886049896971e-01
4.744214705573819302e-01
4.783713015403227020e-01
4.869291550136000679e-01
4.863447041556853701e-01
4.789985922663208551e-01
4.736380948474246955e-01
4.726570561352742006e-01
4.788884770187341600e-01
4.759729837670356178e-01
4.831019610570834732e-01
4.844200703395204477e-01
4.764100386175070256e-01
4.924406221302073394e-01
4.883402571313861795e-01
5.114864804388015163e-01
5.017883342178705020e-01
4.984653306762489855e-01
4.883304753291052847e-01
4.932228986528760517e-01
4.917547988159140515e-01
4.928533937979624469e-01
4.804865925438304708e-01
4.746858380994831705e-01
4.717571585874029139e-01
4.560863229097678051e-01
4.576332290914725265e-01
4.495685256401343866e-01
4.509434717270858206e-01
4.547642914592734953e-01
4.531942526459963871e-01
4.551874423563175287e-01
4.489461437404617117e-01
4.498486914594796993e-01
4.607548234617854788e-01
4.504030818367961153e-01
4.156506851069494690e-01
4.160741630971536154e-01
4.148125518675467860e-01
4.204567988365864317e-01
4.235941379408884599e-01
4.145184027729660881e-01
4.172639682080107049e-01
4.389710899793768384e-01
4.483670031927807775e-01
4.705728358217417528e-01
5.021765393530271959e-01
4.879540561126501363e-01
4.801396975322078098e-01
4.914717863308057932e-01
4.865675410609968665e-01
4.733818123650572196e-01
4.711267442633633729e-01
4.748817035563616673e-01
4.981293794587560719e-01
4.803815716298758254e-01
4.693526500854696692e-01
4.675633772852712533e-01
4.559576035133481309e-01
4.652354786763370775e-01
4.497469322119214685e-01
4.608423876973631872e-01
4.578883416382361626e-01
4.657315656040564300e-01
4.718123782706982183e-01
4.796128559368408317e-01
4.944169092637258345e-01
5.011439903326752043e-01
5.224492224909667026e-01
5.025109986108922122e-01
4.856508281095922031e-01
4.970605292446293455e-01
4.907470615292081062e-01
5.001885761401384523e-01
4.963038060567020460e-01
5.301933661952122900e-01
5.013186496477323173e-01
5.133640154470900940e-01
5.486427855391213804e-01
5.581461235902596130e-01
5.522576998951721494e-01
5.796445556470862792e-01
5.562258632316439133e-01
6.088746932881379248e-01
5.640744454938424468e-01
6.037452799856735108e-01
5.812949941195588721e-01
5.360132183973598252e-01
5.077488510985742609e-01
5.112363491951422700e-01
5.357918992085698440e-01
5.001517536346936632e-01
4.919237978098259800e-01
4.692654548243256896e-01
4.794853026381441508e-01
4.903661011233087508e-01
4.805306048046319445e-01
4.817973938875759754e-01
4.320204345319719197e-01
4.243436025407626988e-01
4.624900018467718033e-01
5.150605378271243540e-01
4.954598105698413968e-01
4.538806045251263521e-01
4.532630340935630553e-01
4.562327008884674573e-01
4.938277535463029277e-01
4.427313116596802711e-01
4.561756771934190047e-01
4.598599934506209519e-01
4.682418681681866923e-01
5.365815857471520900e-01
5.137924118428336406e-01
5.886512010273632356e-01
6.315049044052716276e-01
6.232918484373848322e-01
5.338407029121928771e-01
5.094824532675588102e-01
4.807573698301020326e-01
4.890500794718943833e-01
4.890606942693668246e-01
4.857650994095820129e-01
5.508228470514958675e-01
4.925688700957908117e-01
5.006328180283391438e-01
4.639582172520814729e-01
4.281944538523672072e-01
4.376820315773703451e-01
4.464811282886460564e-01
5.367262053093576624e-01
4.512711438384118812e-01
4.470962815666422174e-01
5.440378493793835979e-01
3.844841590985603186e-01
4.123552591921734733e-01
5.270035353028481584e-01
4.820545001123018314e-01
4.467176804049816097e-01
4.927937052227218673e-01
6.098863260391237384e-01
5.911111255571295242e-01
5.457381542206098946e-01
5.531892550748551685e-01
5.510808136622921127e-01
5.474384255886054484e-01
5.370072764989046732e-01
5.447847866733687150e-01
5.980470522887610940e-01
5.639310674885097407e-01
7.389608046877440550e-01
7.386676472785423941e-01
7.105608805990728527e-01
6.854751569884244278e-01
6.346302119385698326e-01
6.397538743391624205e-01
5.913106215265049315e-01
5.867791263425974346e-01
5.501277633568806280e-01
5.416440295595981169e-01
5.947579999857776079e-01
5.913917492772435835e-01
6.042498347709944762e-01
5.864740356357541762e-01
6.019549309149361260e-01
6.000590787087095590e-01
5.871549076432783787e-01
6.105498088146820157e-01
5.668037097722938844e-01
5.604726209282621108e-01
5.458738011446283567e-01
5.644961927094414023e-01
5.894207999914983231e-01
5.925292505922628017e-01
5.608486404547780024e-01
5.076183360558669255e-01
5.389058684829564072e-01
4.791241379533896505e-01
4.797963998857219803e-01
4.672247065026459145e-01
4.610448622908006611e-01
5.555977144452631800e-01
5.197892735628206751e-01
5.120656553278243317e-01
5.044397787510744857e-01
5.002814723218602655e-01
5.435962592066472254e-01
4.749743369627033585e-01
4.083076675030257729e-01
5.585197041365856929e-01
4.701589526881571612e-01
5.106301309414557066e-01
5.254576215283508489e-01
4.842155670753847674e-01
5.849764298257463802e-01
5.894051514092163435e-01
4.754898544997168686e-01
8.335330251949192304e-01
7.626197853061513765e-01
7.021901345156720264e-01
6.676623735410728289e-01
6.335778750228353573e-01
5.266506442132468102e-01
5.349958468324232941e-01
5.621940916892479434e-01
6.735242082959004284e-01
7.302440119998111490e-01
6.514426675220641449e-01
6.216082039539575499e-01
5.464873421003527687e-01
6.613163506200471220e-01
6.456907663467844616e-01
5.786851831283704728e-01
5.508078188488597648e-01
6.014382736202742441e-01
4.852028549683670700e-01
5.611264887272503499e-01
5.978385331887131615e-01
5.801609916418051238e-01
5.690493674079184494e-01
5.699026387498865587e-01
6.355870256701031673e-01
6.262110378524253784e-01
5.812167335310656213e-01
6.318048283614023930e-01
7.463235747528871311e-01
6.393767592230197305e-01
5.901386534101921155e-01
6.174380858679404671e-01
5.840872819079672151e-01
6.190622754913551740e-01
5.862968103659974561e-01
5.880163646316952653e-01
6.290186863966243935e-01
5.554993480221159796e-01
6.672471855010433384e-01
5.127912098470899238e-01
5.711584596201777497e-01
5.700256454667627093e-01
5.546589948980047424e-01
5.707788210772367643e-01
5.567906847548647065e-01
6.061489463849607517e-01
5.768163940982100613e-01
8.221921083255552265e-01
8.180344004574080508e-01
5.838638993431704005e-01
5.468226853880869820e-01
8.517525757062515135e-01
8.435312936633094782e-01
8.148185621767619624e-01
8.227098878271537075e-01
8.046784659395983530e-01
7.453942095188907935e-01
7.855970301126266042e-01
5.780203318919046040e-01
8.614713811294971713e-01
8.569828317349306168e-01
8.524056742863450609e-01
8.468495211580967519e-01
8.442115830966894219e-01
7.931041324553390615e-01
7.881333969641559634e-01
7.992943377254614346e-01
7.952785027830890918e-01
7.627348929818826839e-01
7.349371270229164699e-01
7.752905710518863680e-01
6.916805028252639431e-01
7.373881682379276326e-01
6.815901468967866528e-01
6.675917675075363489e-01
6.340091613888484412e-01
8.677537081330248814e-01
8.519282584234677547e-01
8.252448901300194484e-01
8.116142977057848595e-01
6.781835606573219932e-01
7.182171343830326959e-01
7.075680760578521022e-01
8.353358947398944467e-01
7.801241235705728139e-01
7.752316018495682970e-01
7.642505657700509047e-01
7.445093164139833242e-01
7.263221256985228358e-01
6.902095815632718345e-01
6.753800426992043748e-01
6.605284365599389806e-01
7.822439085533365866e-01
7.776792033117980729e-01
7.694968468244473003e-01
7.732639491622821382e-01
7.835861586763395170e-01
7.548872702957434289e-01
7.436454051422769496e-01
7.267735286773722159e-01
6.907472284901048365e-01
6.783393282093000964e-01
7.703406555230201125e-01
7.328871124918563407e-01
7.806895747553724840e-01
7.576932720336629901e-01
6.552732037411719279e-01
6.273101172063513253e-01
8.352272200043554529e-01
8.200377756849563937e-01
8.103581098668528604e-01
8.048638461083592599e-01
7.988067194050382236e-01
7.647854840675903931e-01
7.561154606190949590e-01
7.248960306831875311e-01
7.392440673589901756e-01
7.174344595807083946e-01
6.927330926555097523e-01
7.472628009813879757e-01
7.031166533332833257e-01
8.227058264553596123e-01
8.191606188761682006e-01
7.891469061945253216e-01
7.676710343480749321e-01
8.027706013071006508e-01
8.920535780032812223e-01
8.735750946037499354e-01
8.695717594512931692e-01
8.629406179766009322e-01
8.576299960701827541e-01
8.546176004284934402e-01
9.634418883933832944e-01
9.510748827158835850e-01
9.276474486033686739e-01
8.863131349021465821e-01
8.725230503240971602e-01
8.684031846344206773e-01
8.452208182415934523e-01
8.154468994268321280e-01
8.076184374991262072e-01
7.022539545864442401e-01
6.749210273450519937e-01
8.161823804410369698e-01
7.996241597926564415e-01
7.412420481256513094e-01
8.274871816814548531e-01
8.102798588246761247e-01
7.764177253263246925e-01
7.487109548526768021e-01
8.428778909736001079e-01
8.397989110077043184e-01
8.398520768580970408e-01
8.339357962680926661e-01
9.881215034942960607e-01
9.867968637890304207e-01
9.750979742567357222e-01
9.741285774994840052e-01
9.766749424583561767e-01
9.741196237367879540e-01
9.678756744674147372e-01
9.660378676997202207e-01
9.659411214498250242e-01
9.673425649142087801e-01
9.704308661809980530e-01
9.699410886071193616e-01
9.679929081987491690e-01
9.692323659207975339e-01
9.680669542130785343e-01
9.676409057621346843e-01
9.716692608013184351e-01
9.660438606158342489e-01
9.612545291412033510e-01
9.638108870189834310e-01
9.609144922031058744e-01
9.595301280063377458e-01
9.557329287303013565e-01
9.549030902332754644e-01
9.505262223746162586e-01
9.430438857710675693e-01
9.308463013331427227e-01
9.121819021066149835e-01
8.774790331771702423e-01
8.514997185624589848e-01
8.397116406564070212e-01
6.915467736320530800e-01
6.555654831815157513e-01
7.041169893136146607e-01
7.262413857324744315e-01
6.961776906591158331e-01
9.636091872411665094e-01
9.573809437238002262e-01
9.448990738800749911e-01
9.202599797988686436e-01
8.632457982625623139e-01
8.330198770368503203e-01
7.822014310715829088e-01
7.626417927231800009e-01
9.304801653506956649e-01
9.321623655818621623e-01
9.325931159829811135e-01
9.346601543779434751e-01
