1.987702140207111279e-01
1.989615632104605736e-01
1.992135516058576028e-01
1.986255553737847901e-01
1.985410425778348642e-01
1.998744482605746553e-01
1.980211560966564643e-01
1.973871440738532990e-01
1.969326753258921203e-01
1.972418459123004009e-01
1.965018473214038830e-01
1.956994905750303049e-01
1.947749272756334193e-01
1.916851336629094571e-01
1.904116414857552342e-01
1.898345742124627200e-01
1.871901328786484964e-01
1.834817981338287274e-01
1.821017323901519824e-01
1.811024690319557318e-01
1.799632451233254271e-01
1.817153331038505182e-01
1.813899991309549098e-01
1.841380555027960497e-01
1.836849164375964072e-01
1.831685988088339601e-01
1.823679987603604169e-01
1.817082248031620939e-01
1.766205436140342866e-01
1.745766990404851449e-01
1.750713759727334784e-01
1.749976939161266842e-01
1.748281685795666229e-01
1.733150468953432721e-01
1.731664811827379746e-01
1.729181159748187091e-01
1.729923726929129824e-01
1.724012995977543539e-01
1.718834312361603445e-01
1.721626095040280358e-01
1.716140466745878224e-01
1.710412263251556708e-01
1.711350593938357201e-01
1.723121349147026526e-01
1.722231246747649436e-01
1.716569039101045469e-01
1.716751586623232184e-01
1.716349410581926582e-01
1.711220051100974249e-01
1.713641219412226913e-01
1.704744320668893642e-01
1.715415896385180383e-01
1.714175532126375467e-01
1.715161315196971348e-01
1.716500178756365791e-01
1.721235327106262758e-01
1.721017808263403115e-01
1.723702094722433797e-01
1.710579579318244337e-01
1.712940281079217975e-01
1.715664347164244929e-01
1.714902163264875601e-01
1.715521579242897665e-01
1.702924657496487637e-01
1.702043701066798809e-01
1.703820567138014108e-01
1.703858350693264190e-01
1.712303800778814111e-01
1.715960312232976126e-01
1.722471663889941773e-01
1.740084612788441454e-01
1.742835559433435766e-01
1.757724456641313882e-01
1.769368774643466646e-01
1.767826618849767384e-01
1.775092021191820302e-01
1.782660140174291141e-01
1.786036638145601929e-01
1.798435732231132844e-01
1.803393847867113542e-01
1.811517432254873827e-01
1.813623691181373010e-01
1.809331410419987296e-01
1.808274489624945858e-01
1.809196850871475082e-01
1.809481720778365332e-01
1.807753851481187501e-01
1.811629004002522914e-01
1.812513009702197697e-01
1.812132560835552908e-01
1.816066806212054963e-01
1.817550332191600893e-01
1.815180252492885893e-01
1.821778927011969973e-01
1.821916140288988295e-01
1.816493174394748222e-01
1.817523780541086542e-01
1.817277465396718306e-01
1.821170308979199737e-01
1.821313730180008639e-01
1.829500657225024973e-01
1.833989429812125649e-01
1.843896167380506546e-01
1.825739634637824071e-01
1.826825905488172475e-01
1.832606012065892964e-01
1.843769041552385801e-01
1.840828969849955532e-01
1.895778025112321019e-01
1.897011931934288465e-01
1.888552723425803159e-01
1.884322747631552997e-01
1.898080978216879489e-01
1.880335449042756513e-01
1.877214986058010904e-01
1.867476599438201157e-01
1.861447954038566444e-01
1.860394661056210264e-01
1.850679127367480248e-01
1.844068669595047283e-01
1.844104512921526384e-01
1.842456211630552898e-01
1.842793635753414427e-01
1.837259529545332559e-01
1.834169651260728340e-01
1.831364200406912779e-01
1.830492576071687250e-01
1.836524525963508514e-01
1.832644512923937985e-01
1.828175541592103881e-01
1.808178206101878904e-01
1.819022903376363021e-01
1.811875722008356171e-01
1.791070351407413053e-01
1.801550997980859992e-01
1.817596080881489495e-01
1.794463344305952113e-01
1.775531404206951713e-01
1.766197620358751219e-01
1.762726591300769197e-01
1.752976489354332035e-01
1.746354146528005802e-01
1.739890319481758318e-01
1.751456573551638252e-01
1.746835248485519854e-01
1.719778319634413521e-01
1.706774872329262227e-01
1.707188375657266166e-01
1.776840256443281696e-01
1.760182940354234338e-01
1.776576767576340810e-01
1.748727924005220591e-01
1.740423520036064597e-01
1.714719739629052830e-01
1.711166896379456293e-01
1.700425168687595689e-01
1.722160158516135575e-01
1.781225720749477770e-01
1.767110448052412464e-01
1.758844286834208570e-01
1.745718722935356848e-01
1.734536296621617679e-01
1.734171830863538710e-01
1.729508857769285757e-01
1.730081435333926387e-01
1.740603689124471110e-01
1.740779238521298899e-01
1.766461879792563250e-01
1.741308309921425768e-01
1.746312008192202336e-01
1.727656270761279700e-01
1.773320003517748766e-01
1.765934532774058319e-01
1.747333176868106908e-01
1.752926544961643796e-01
1.728337965310201840e-01
1.738117084790865297e-01
1.725015988814614931e-01
1.728344832049193702e-01
1.730453543469976929e-01
1.759226919386596144e-01
1.764074641399496213e-01
1.751634664523377960e-01
1.735558241855544304e-01
1.724694029079593682e-01
1.711857164179473312e-01
1.744850320173282621e-01
1.746980605690439114e-01
1.736372303830744368e-01
1.758896659815226970e-01
1.767578533147358133e-01
1.755139006117164002e-01
1.723543875855701457e-01
1.707897139980423529e-01
1.686471024812796760e-01
1.703083655063967750e-01
1.747538723625458867e-01
1.735285346532291773e-01
1.724119191653348260e-01
1.704817741791013197e-01
1.690874942878188847e-01
1.658058255804004122e-01
1.660931123332654857e-01
1.638254064850031000e-01
1.636440245270232019e-01
1.640828551795106838e-01
1.635215153857286774e-01
1.637483256615652749e-01
1.651852073957230660e-01
1.648644637294300885e-01
1.624012514228816706e-01
1.622255787114810777e-01
1.651805066908735853e-01
1.642355080293800562e-01
1.654455971472876263e-01
1.681009309337526958e-01
1.682005052138713930e-01
1.674104540616798142e-01
1.681083222750483774e-01
1.720798734466556790e-01
1.702678172585463112e-01
1.727789539315819356e-01
1.754019754587041735e-01
1.771498406772710477e-01
1.750602754968008379e-01
1.721027565063644738e-01
1.682030488026136084e-01
1.693572615532438763e-01
1.668107790661851886e-01
1.697074966204024371e-01
1.727576944885799159e-01
1.725907180066418023e-01
1.777170365769395466e-01
1.822271850784441261e-01
1.834966242963383398e-01
1.850628405974165114e-01
1.860501125839298109e-01
1.831527726187478500e-01
1.860608684999306983e-01
1.881472153787766277e-01
1.865685978166468917e-01
1.892604570002052178e-01
1.874436667639071408e-01
1.881106918871125466e-01
1.867897503545425109e-01
1.848707377698697862e-01
1.851348275026526435e-01
1.814834525153317946e-01
1.775794423025870428e-01
1.818147957095882783e-01
1.824679726303588545e-01
1.840250177923044850e-01
1.807884142267441041e-01
1.767321770907250567e-01
1.764836607063243468e-01
1.775785759329479019e-01
1.734279766507619003e-01
1.740426129183063331e-01
1.736170810535437037e-01
1.789442747071752771e-01
1.865909050149860693e-01
1.827952492152242758e-01
1.850093442738542926e-01
1.813357721930004829e-01
1.851553343191062739e-01
1.897041194113215090e-01
1.868133275092771772e-01
1.821080654509341368e-01
1.804272376668730193e-01
1.804713404866867821e-01
1.865379923696584008e-01
1.818217648307351164e-01
1.824027159641810614e-01
1.827795062516163194e-01
1.833023878929298522e-01
1.831607682112046942e-01
1.798425080562505163e-01
1.765661832002637655e-01
1.763723957795650388e-01
1.761386039017389382e-01
1.760345844018587624e-01
1.756033398259143619e-01
1.819954557987049359e-01
1.824336140534586204e-01
1.860527944428571889e-01
1.857009854268114879e-01
1.861622004293677635e-01
1.877385877671574888e-01
1.842277422518871499e-01
1.809182774373938318e-01
1.814502954692498171e-01
1.867550295919920833e-01
1.828506393324033641e-01
1.796449614245457238e-01
1.806279536999167712e-01
1.813986794018211945e-01
1.777568041194338699e-01
1.745971023494568009e-01
1.750222502823708670e-01
1.772023121818065428e-01
1.802375365119872064e-01
1.835489382261490665e-01
1.818486771424225878e-01
1.784247370468861893e-01
1.734364033681521367e-01
1.788962865955991965e-01
1.761797894777006879e-01
1.763849191592514465e-01
1.716928261585534132e-01
1.724339761338140598e-01
1.700603456394572666e-01
1.705482340221719795e-01
1.741970608957956745e-01
1.792791511733856646e-01
1.794152252724794949e-01
1.795083950445985066e-01
1.815899213318376559e-01
1.762181439564813323e-01
1.708701813058455532e-01
1.709657392993185476e-01
1.723636615302217290e-01
1.692339790676234967e-01
1.700629628978273244e-01
1.717925334281036331e-01
1.721845499040664806e-01
1.747108123606908037e-01
1.758589043556287312e-01
1.784360354815816840e-01
1.740347779904294068e-01
1.765455695525460778e-01
1.712937175402098056e-01
1.686008339129984046e-01
1.688942574477393099e-01
1.743579353842230062e-01
1.756654221376371672e-01
1.791056131523689476e-01
1.741761327237276724e-01
1.686962956911031708e-01
1.762805414241918334e-01
1.841050872123471405e-01
1.797651127436999674e-01
1.730498891670434747e-01
1.707869146063823451e-01
1.684233602545782416e-01
1.725137754411981139e-01
1.702422541062764971e-01
1.690149769510874422e-01
1.672135145801450784e-01
1.624791638063229626e-01
1.719009245003888520e-01
1.787833902356848748e-01
1.857579279957517482e-01
1.825175985710313920e-01
1.856849325355794667e-01
1.892700601032719643e-01
1.933217011420046705e-01
1.906242188938619686e-01
1.895427156252636192e-01
1.871313349246764290e-01
1.843003133967863472e-01
1.786013236152340089e-01
1.746200870480839051e-01
1.730619118317890670e-01
1.675759729577851742e-01
1.641289376225865682e-01
1.606841672186705705e-01
1.665994687873088020e-01
1.643123138873635036e-01
1.726481515561497371e-01
1.700105787199388818e-01
1.727364389412060774e-01
1.810141991598891442e-01
1.774654986292960590e-01
1.739477952719574727e-01
1.719499726804387396e-01
1.731343337277627403e-01
1.698527563102621707e-01
1.673267516988749259e-01
1.743942802788966684e-01
1.706972091102981204e-01
1.677215476266725458e-01
1.611985498990876897e-01
1.663516573733617443e-01
1.624501917507532311e-01
1.704531458989231030e-01
1.676381098787198543e-01
1.634217723477057460e-01
1.588192220254756870e-01
1.574742690599196526e-01
1.566719513338902525e-01
1.552776172649815156e-01
1.562587459128478296e-01
1.559421658781298126e-01
1.557816353405720167e-01
1.622122413817821129e-01
1.631924282140265470e-01
1.608438795921641185e-01
1.619191104590990415e-01
1.672940119155210681e-01
1.628297458041741141e-01
1.700275762557273418e-01
1.684980638431953226e-01
1.684809930035184034e-01
1.739565556605384700e-01
1.754099574480484369e-01
1.705900384590391949e-01
1.661327204150621906e-01
1.587908842198152704e-01
1.634934477407074815e-01
1.671399475504126153e-01
1.694106640889368465e-01
1.736761782989340586e-01
1.675655568636433834e-01
1.705545963900598205e-01
1.759622778432428924e-01
1.723553734389122183e-01
1.685774379755477781e-01
1.615033936834714690e-01
1.616633067665600720e-01
1.632740923563965052e-01
1.576140361008065705e-01
1.602527116481642644e-01
1.580482336921896491e-01
1.578554902834923834e-01
1.581522237161012701e-01
1.601541930109164347e-01
1.569078182808408273e-01
1.601079401782279088e-01
1.598360983866105312e-01
1.569228830160084298e-01
1.608875426643286144e-01
1.660413797194642549e-01
1.696573475339263615e-01
1.710566747123176412e-01
1.706003252248790569e-01
1.716259826107711661e-01
1.662080908087492925e-01
1.663280029051120434e-01
1.684818068085963405e-01
1.656782927599783073e-01
1.658758402434795109e-01
1.661882661684002671e-01
1.625268259069843346e-01
1.611677671939662493e-01
1.597787419154865496e-01
1.611749638048249889e-01
1.609712993825482552e-01
1.667013204507224178e-01
1.647847936327721530e-01
1.652562469498616848e-01
1.644740023575216592e-01
1.650054279599566798e-01
1.632623363331745514e-01
1.630247800151676252e-01
1.635038787124964699e-01
1.653210416760038659e-01
1.662736714568153196e-01
1.691442100784422142e-01
1.744913043338947312e-01
1.807962757108591834e-01
1.801713180724501262e-01
1.699036810109209594e-01
1.700192470551882828e-01
1.627354641487781528e-01
1.618355992268189769e-01
1.615383912424442070e-01
1.626260015045454532e-01
1.634850323574710274e-01
1.657535002085742115e-01
1.664252595126306522e-01
1.638329393568153658e-01
1.615987496734080375e-01
1.606958760677941744e-01
1.634323932740749941e-01
1.605807307312483723e-01
1.588624825148886033e-01
1.621720076860917736e-01
1.583232094227910447e-01
1.585783759140983462e-01
1.595660405658311243e-01
1.597233957334803500e-01
1.645533239733925901e-01
1.644489843175251931e-01
1.580774845387048211e-01
1.598394785300604470e-01
1.589321516385220068e-01
1.594867200660176898e-01
1.608126959217968666e-01
1.625535396284069067e-01
1.624387137306552709e-01
1.608876468420376848e-01
1.659817473127355447e-01
1.639246439981243419e-01
1.562026965722655703e-01
1.564838029073060965e-01
1.543261394521642238e-01
1.527292270013015096e-01
1.509973948799759047e-01
1.520081041381315945e-01
1.535614793784443599e-01
