3.858066410246033806e-01
3.857403713271292944e-01
3.856543198028347663e-01
3.852717175524370541e-01
3.849446529972014863e-01
3.848824650182034457e-01
3.848131878885416302e-01
3.849137684434744133e-01
3.849045290197216085e-01
3.849481764522150740e-01
3.849456600230380388e-01
3.848310737531396297e-01
3.848053508557824909e-01
3.849436784309995807e-01
3.848858299349833811e-01
3.847057348231949780e-01
3.844043385209876540e-01
3.844377855096586249e-01
3.829797547577418193e-01
3.828470080642238926e-01
3.828276681971571338e-01
3.827080902526321937e-01
3.825186542243119714e-01
3.816599360930893470e-01
3.811914150042906568e-01
3.810989553364370064e-01
3.806374812231678173e-01
3.792246877073063294e-01
3.789638747884938597e-01
3.801257764303221376e-01
3.794098545999033956e-01
3.795823761406076913e-01
3.791821494849069163e-01
3.790733476656213963e-01
3.775212358641260590e-01
3.774439101247980544e-01
3.772354005069094018e-01
3.766560118684418867e-01
3.765521364194133191e-01
3.765591778599799433e-01
3.766526618914278757e-01
3.764504455442735931e-01
3.762045069059221092e-01
3.750077173198251290e-01
3.743834332407866006e-01
3.740804073122491746e-01
3.737761920589479647e-01
3.734777107712735633e-01
3.726674234660041218e-01
3.719157671307082857e-01
3.717895056999007686e-01
3.713736115324363096e-01
3.707692902419435499e-01
3.711497710930846683e-01
3.713219054048223500e-01
3.691239460991266874e-01
3.696114700749436044e-01
3.691484414559336180e-01
3.673925390416610814e-01
3.667882030206084942e-01
3.657265374131819513e-01
3.654485269638464429e-01
3.636474611028620019e-01
3.635202696188493676e-01
3.620564467638858197e-01
3.616728907348902289e-01
3.593511670375152955e-01
3.586639344212665392e-01
3.580559475929621649e-01
3.579919931185545079e-01
3.576721852389991851e-01
3.584364970971867237e-01
3.583619122195079165e-01
3.580375971596430063e-01
3.589330112735998890e-01
3.597300234717359380e-01
3.591701652429412084e-01
3.572581186180580071e-01
3.561839384042985723e-01
3.563618096096088372e-01
3.559167420756796374e-01
3.553128466202869484e-01
3.535363641182798222e-01
3.534415921355981149e-01
3.538322736993608220e-01
3.548961965181293143e-01
3.548462528492647428e-01
3.561009715520336849e-01
3.560186786187195529e-01
3.558319321359096343e-01
3.556657118928455152e-01
3.554077371446136002e-01
3.554073198006413303e-01
3.529826814709098870e-01
3.526764601409204669e-01
3.506651236697157503e-01
3.505817094132864797e-01
3.499259218000774219e-01
3.502628069652855003e-01
3.505406016609332043e-01
3.524509546239376623e-01
3.493616000084204809e-01
3.472873844967969137e-01
3.473093583243567206e-01
3.490461814595450241e-01
3.499145471945964703e-01
3.498919119236704733e-01
3.490333786916799963e-01
3.488148884617412460e-01
3.470113718414484238e-01
3.475354883185295951e-01
3.477507020398188375e-01
3.496859311040914076e-01
3.493377269830245102e-01
3.497333055790474710e-01
3.501609293691753111e-01
3.506386412280534381e-01
3.508378933352932494e-01
3.537583806557716981e-01
3.539132335402382368e-01
3.537878571275487882e-01
3.557225289821386860e-01
3.557555510429591394e-01
3.550283831642936927e-01
3.552399481549421423e-01
3.563538693706127525e-01
3.555478461158253500e-01
3.546266931928169774e-01
3.530063006360028566e-01
3.531301411125716827e-01
3.522216549162088817e-01
3.525471394361036626e-01
3.520532182285021627e-01
3.523329463853450694e-01
3.524991357513880263e-01
3.528626540591088268e-01
3.534945267040349726e-01
3.555694666075779331e-01
3.568130965671123533e-01
3.590541393573426499e-01
3.566192887743804829e-01
3.555307887152667212e-01
3.572998999682486798e-01
3.552179654447752966e-01
3.576005012820419049e-01
3.598924558818429320e-01
3.588451467178702115e-01
3.574313910469704147e-01
3.586225328423275904e-01
3.600106138084088747e-01
3.569982496772088343e-01
3.580586532899126539e-01
3.626215517555422263e-01
3.618192479683190466e-01
3.624232634007040210e-01
3.590668840520860328e-01
3.591763143651777179e-01
3.651256588949117754e-01
3.684870761547578977e-01
3.630511332654737244e-01
3.638350726539628099e-01
3.600723458283536238e-01
3.567655977323869188e-01
3.553479778924428789e-01
3.586228133331061940e-01
3.580030158277109353e-01
3.563917123868768910e-01
3.605467995726788777e-01
3.508574820769794211e-01
3.509111577606844889e-01
3.552184625395125028e-01
3.471477387441493367e-01
3.369921077441722090e-01
3.374635217776981722e-01
3.427281661010595504e-01
3.384103655624765006e-01
3.281914227924171978e-01
3.202358031299411545e-01
3.283182348141536755e-01
3.140457128118009367e-01
3.105733837474056180e-01
3.103440884940690259e-01
3.211242932095788039e-01
3.176722210763822662e-01
3.190004940267740507e-01
3.079135674608620143e-01
3.087371651209689372e-01
3.111920843820144555e-01
3.058154567779195476e-01
2.923354039948347083e-01
2.851272870207011145e-01
2.834967690571152388e-01
2.808972741132579887e-01
2.686322700947212372e-01
2.736700142227256882e-01
2.589614326506458619e-01
2.774595783122628667e-01
2.864758351525111824e-01
2.820885374993994388e-01
2.877696811312037140e-01
2.689278150188146865e-01
2.578945503517824367e-01
2.481471787080736513e-01
2.598502907243215865e-01
2.886506207257898970e-01
3.187380441032652278e-01
3.093221225797440077e-01
3.055508122670716475e-01
3.171142957815891172e-01
2.729120253604547797e-01
2.986264177175820822e-01
2.680455097561684208e-01
2.744106369787744915e-01
2.790874722467589497e-01
2.563341494634290285e-01
2.774112727017370439e-01
2.733204010888284907e-01
2.477965845172908077e-01
2.282025207656104282e-01
2.403156891385990201e-01
2.074404094397596376e-01
2.254276019171625733e-01
2.187569769127395147e-01
2.304701877157656897e-01
2.423215774593720506e-01
2.393201831303699567e-01
2.163680327087873223e-01
2.230505219331315736e-01
2.071132171391213694e-01
2.419602474491307220e-01
2.079198039213276672e-01
2.298104307027785675e-01
2.814089888521098537e-01
2.994153669554311947e-01
2.915062029175573555e-01
2.618501972374471798e-01
2.499020801855108831e-01
2.416836614508536540e-01
2.449938937435661990e-01
2.519082039656566629e-01
2.379744369188925568e-01
2.301710866892335283e-01
2.399743900315111367e-01
2.657317949328159568e-01
2.759530011813431383e-01
3.191396272330600525e-01
2.873605981589922309e-01
3.309709283833908722e-01
3.164237876082869327e-01
3.209863654378994902e-01
2.976369790671381521e-01
2.910363436544008975e-01
2.901234654856231221e-01
2.902820385875559128e-01
2.666803144321991947e-01
2.604858481063053177e-01
2.700764013267808461e-01
2.323406060107433002e-01
2.568481030327905423e-01
2.463888030084576408e-01
2.487184676655820603e-01
2.687888142251601553e-01
2.500577590920492477e-01
2.372751248007676783e-01
2.149137943652093263e-01
2.270540887274330732e-01
2.682490029367261553e-01
2.078177000974771038e-01
2.727267206545476719e-01
2.348550811650637060e-01
2.371827005772590979e-01
1.696125018601740142e-01
2.015300197996763298e-01
2.448998928670248765e-01
1.503876019026373079e-01
1.775888831230180709e-01
1.999146693683630793e-01
1.716617370354849292e-01
1.685136955159296512e-01
2.126789418623018513e-01
2.050657568511350948e-01
1.999977046267570613e-01
1.415847653876371737e-01
1.373252533660986874e-01
1.479872825343856446e-01
1.477042566735835838e-01
1.379038102319824766e-01
1.790091183536965391e-01
2.049378153819026438e-01
1.754476444994209350e-01
2.593375140376992238e-01
1.548577839095739705e-01
1.383487010738504441e-01
1.260557631160311165e-01
2.297985945944354680e-01
1.906405226089649130e-01
2.263006030258729595e-01
2.143331487832889903e-01
2.310746995490100264e-01
2.095891297195234537e-01
1.783826314239269351e-01
2.726207742528460876e-01
2.380075796698304935e-01
1.732139461333330188e-01
2.418813650829042539e-01
3.245003721022378662e-01
2.143813035570444891e-01
3.486022215558385873e-01
2.529437551580260846e-01
1.904455770391520475e-01
1.985575945005171317e-01
2.521797117411353484e-01
2.387980284011544108e-01
2.124710549804791904e-01
2.601942388020044294e-01
1.759353577393350521e-01
3.983646627592669076e-01
2.053412574404472613e-01
2.104657256162905110e-01
1.642513964501733370e-01
2.566874389499842479e-01
1.983575823695659379e-01
3.415658848668142178e-01
2.407210140733950510e-01
3.186815078448036465e-01
1.685731568712535988e-01
3.781142390933513453e-01
1.441318325635465025e-01
5.233513357717323178e-01
2.510301159038405561e-01
3.908799311128200449e-01
2.689907841454547421e-01
3.644699431821024627e-01
2.556169334849771047e-01
2.180356815651724456e-01
4.114800320961174984e-01
3.046743882758262134e-01
2.978564449619628407e-01
1.665146298988235962e-01
3.290419408758122888e-01
3.585236689305037472e-01
1.561667938544013812e-01
3.735384815555311544e-01
4.668707161725992316e-01
2.522287762936940569e-01
2.204660423025356919e-01
2.992479050795812667e-01
3.056332958735049621e-01
2.242724564009816457e-01
2.880374163675761823e-01
1.383466956820399996e-01
3.229751594900098222e-01
2.712712125220482218e-01
2.504337996426760915e-01
1.714183969868301460e-01
2.211216179411807370e-01
2.943785072176671735e-01
2.553657292886364338e-01
1.457164073796151649e-01
4.077430226903940302e-01
3.408893413955181306e-01
2.488948107287761724e-01
4.166162105198122911e-01
3.084174724788227295e-01
2.553454592318913363e-01
2.617676474642065543e-01
3.366974133108191491e-01
1.781945655444874821e-01
2.216770096423219261e-01
3.457946599148670197e-01
3.574919975450085996e-01
1.910675630386353963e-01
2.717568762867205168e-01
2.571767404984015570e-01
3.295206720906951325e-01
2.404800992326902587e-01
3.981006539314899673e-01
2.880497350777004861e-01
4.526263778835257767e-01
3.389041788622468854e-01
3.178953505489044984e-01
2.557994509112773707e-01
5.612992954118420919e-01
4.082840259545138517e-01
3.157964691158415271e-01
1.555280536802856883e-01
5.300700128204790529e-01
1.767794498921599622e-01
3.752218501526072836e-01
3.286489469809946162e-01
3.345253023548053761e-01
2.432879748025307265e-01
4.109231892341657089e-01
2.535105571079916409e-01
3.841349025506903825e-01
2.252201537803115439e-01
1.555356907220654117e-01
1.506374263528630075e-01
3.048814503359874029e-01
3.702024684045921998e-01
3.386338648672183593e-01
2.569988214662281001e-01
2.819026979651821363e-01
3.012899901714993223e-01
4.101831973753239380e-01
2.099587980716013935e-01
3.697221546928994296e-01
3.469728281814333237e-01
3.445128790094152960e-01
2.979973421204567541e-01
3.151659802972995306e-01
5.297131609834722088e-01
2.970411285073285557e-01
3.928464787857074425e-01
2.211743378196646126e-01
2.693224968786014362e-01
4.755176232063779151e-01
2.069822730831504254e-01
4.356888609639463783e-01
2.909957229036095883e-01
3.297015947347903264e-01
1.544005256433983175e-01
3.034307797395620621e-01
3.513476578694100794e-01
2.430366076651392371e-01
4.515233928272418540e-01
3.675275950282343440e-01
3.577073035113299548e-01
1.604993475772585332e-01
4.829180616623335864e-01
2.892354097770457599e-01
1.933893612056412359e-01
3.506793022899010182e-01
1.656509391721321944e-01
4.104659091229907464e-01
3.775927769333393691e-01
3.092581400159514216e-01
3.376912435728954831e-01
3.380149590912890356e-01
4.549072727140059391e-01
3.627513867104181222e-01
2.483550721654425308e-01
3.932799621764904163e-01
2.907668012458821116e-01
3.755462317332408095e-01
3.200941553575328280e-01
4.632248031312901637e-01
2.986544934497599169e-01
2.985257914930550260e-01
2.000482233813312138e-01
4.607772140645185477e-01
3.168213265071955775e-01
4.015252760981289915e-01
1.993204018325973048e-01
2.382121218613570957e-01
5.223577586528318495e-01
2.337866149048066500e-01
3.999949840703149184e-01
2.850435555242332719e-01
5.567170311084970180e-01
3.140619289917706003e-01
3.761071724263408966e-01
2.345545712415566253e-01
4.217719603760843317e-01
4.750211591897091634e-01
5.699630195423998069e-01
4.396685993399351289e-01
3.442845970402487743e-01
3.838742334943902046e-01
2.194814468168930777e-01
4.014258401886318106e-01
3.681315031238964752e-01
5.511289453860891419e-01
3.079834923026707472e-01
5.976321476622251661e-01
1.684458679962123340e-01
5.017539385024496479e-01
3.758626913830475647e-01
4.505442405625413316e-01
4.276900466730620409e-01
3.809707363976849726e-01
2.629500364612335495e-01
4.102527935275676607e-01
3.325142630094740648e-01
3.668574980736215574e-01
4.451086143986398569e-01
4.383558122252980138e-01
3.060371735736833743e-01
3.526486383171950068e-01
2.215879651920435178e-01
5.262915308653342006e-01
4.594796223194128615e-01
3.192090740519341052e-01
4.319190003394247634e-01
3.718813790523286533e-01
3.823074654204989264e-01
3.296839260978236541e-01
3.801083289907736251e-01
5.773401762983365604e-01
4.680577434945888404e-01
