2.061805672899442166e-01
2.061877047211257974e-01
2.062037873566231472e-01
2.060391235369110896e-01
2.058751572469796620e-01
2.059219931485741506e-01
2.060259634618915592e-01
2.062402662746342652e-01
2.062680453432792216e-01
2.062823029379226292e-01
2.062901512384273384e-01
2.063764835054160696e-01
2.064318686806659031e-01
2.065597092800462997e-01
2.065543252500056104e-01
2.066604898841206961e-01
2.065536948738762313e-01
2.065850404851641009e-01
2.059107756705555459e-01
2.058805613922981281e-01
2.058569376726981925e-01
2.060089940469568837e-01
2.059018464371733803e-01
2.055859643415891558e-01
2.052717300703624237e-01
2.053062731820481379e-01
2.052404442277376839e-01
2.046597305305437042e-01
2.047977012941976371e-01
2.053986878493194446e-01
2.050873821031670152e-01
2.050928130659716575e-01
2.049268323901935751e-01
2.050682598853618976e-01
2.044528947525977580e-01
2.045107521240177029e-01
2.044380103735027043e-01
2.043142751172073168e-01
2.043244997312009537e-01
2.045445835510747434e-01
2.045518653134469900e-01
2.045399392299422081e-01
2.045423166275934790e-01
2.038405694339323893e-01
2.037860100880690140e-01
2.038047091231693919e-01
2.037576698693840394e-01
2.037152954509255098e-01
2.034785084393138932e-01
2.033292213024394668e-01
2.033496454500329786e-01
2.032811306288390407e-01
2.032766699396572341e-01
2.037849849181935791e-01
2.038741885536783649e-01
2.031658952150337261e-01
2.036037783976856752e-01
2.037310686881939892e-01
2.031903107117706830e-01
2.031233579153906843e-01
2.027398185876584102e-01
2.027020006410656383e-01
2.023364044820708807e-01
2.022045368010938482e-01
2.018221323400051226e-01
2.017852403345294365e-01
2.010126994886858032e-01
2.014536717869352123e-01
2.015814641480745961e-01
2.012838169290631363e-01
2.012286950824524745e-01
2.017501884569874449e-01
2.018730157042530060e-01
2.018753355851245768e-01
2.024478656770443419e-01
2.028521055323365407e-01
2.035214614231468100e-01
2.030593117928753411e-01
2.032276122426228404e-01
2.036618533950509402e-01
2.033917396212822637e-01
2.038741301897829539e-01
2.030280838454616432e-01
2.031175462068763871e-01
2.038195998751043958e-01
2.043447385790743420e-01
2.043735118721982102e-01
2.049271516700332807e-01
2.048022691695144393e-01
2.049757504625176474e-01
2.049207169713673782e-01
2.050443768396422173e-01
2.051148991312207182e-01
2.042858145243467705e-01
2.042332029263934090e-01
2.035844861496684532e-01
2.036280356780883760e-01
2.032450532332966409e-01
2.034312330047367556e-01
2.036212292870327734e-01
2.041140483566054320e-01
2.028990250583504185e-01
2.021875618673299735e-01
2.022910197243985020e-01
2.027972962384609612e-01
2.033607525722061216e-01
2.033779063181441193e-01
2.033318918825318955e-01
2.033078871086290151e-01
2.026349345282434655e-01
2.031294082988714944e-01
2.034001778717567654e-01
2.037091451580662627e-01
2.038786374977650806e-01
2.042297935026805566e-01
2.047943950342757113e-01
2.051799568924955741e-01
2.057195797204496579e-01
2.068437250213295275e-01
2.069722456875460748e-01
2.072000684215876409e-01
2.076282366262230672e-01
2.076202464848530549e-01
2.072344722025310781e-01
2.077956135398728865e-01
2.084035060032691511e-01
2.076506884216573756e-01
2.087153642553666033e-01
2.086488374833604387e-01
2.081294636317072844e-01
2.080810536008338152e-01
2.075826931052180135e-01
2.072134938287766570e-01
2.067995403426353684e-01
2.070708569055136061e-01
2.081563083332948760e-01
2.081978717555308944e-01
2.094738101743326975e-01
2.099281525655063430e-01
2.105225248481200906e-01
2.091169354106859057e-01
2.082961077287896756e-01
2.083950971106991457e-01
2.081635411043486206e-01
2.085361058051279914e-01
2.099723633550561464e-01
2.099167469780660045e-01
2.090614542247034024e-01
2.095120936049477411e-01
2.102543888915316406e-01
2.086136421574625588e-01
2.101676230406639423e-01
2.112822190260807420e-01
2.111447048624960354e-01
2.114917923466835270e-01
2.099053820612703791e-01
2.105572864439281822e-01
2.128000709422002423e-01
2.144687209131034555e-01
2.128115810211310133e-01
2.135181944082597816e-01
2.125703762878262126e-01
2.117532496856799062e-01
2.121828437860347749e-01
2.096716632263504188e-01
2.102763389164606644e-01
2.112762277073898520e-01
2.123863796923116942e-01
2.098361709307058898e-01
2.100086609206531507e-01
2.130150879289154364e-01
2.107958525779264902e-01
2.085150200789635255e-01
2.086123997135915509e-01
2.109680290244974887e-01
2.100485847343619983e-01
2.071647879321505403e-01
2.053412688814736098e-01
2.077445544378510867e-01
2.027951826611879282e-01
2.041199047123075927e-01
2.038668832454910984e-01
2.074352716486991266e-01
2.071281132351684706e-01
2.051461740583280235e-01
2.042291543186017522e-01
2.038631179472477073e-01
2.033093301152401333e-01
2.020988967267683400e-01
2.008003477039426166e-01
2.011313720930411331e-01
1.996889932388980216e-01
1.996174294693668083e-01
1.994103944125882044e-01
1.975035362008917272e-01
1.980664058285597773e-01
1.959884828699537118e-01
1.993399795090419480e-01
1.992020489792744320e-01
2.002216057956632544e-01
1.990026972874133493e-01
2.001591305157642831e-01
2.004301452380434223e-01
2.017590287377990788e-01
2.010315962408652790e-01
2.000351758042747952e-01
1.980621795701060783e-01
1.980452326067692059e-01
1.984621441203390513e-01
1.995452860461316702e-01
1.976492234974007722e-01
1.974941568785144874e-01
1.967896102883691378e-01
1.953477131825161195e-01
1.977060993267750755e-01
1.982548949029869223e-01
1.977006814002094381e-01
1.979763352781841179e-01
2.006445798649780787e-01
1.996524361775202927e-01
2.092783284388893272e-01
2.046541304437829722e-01
2.083023075724610151e-01
2.102470476774113417e-01
2.067001550195599058e-01
2.030299427219820207e-01
2.111916169305269597e-01
2.101856262551576315e-01
2.092684917118881605e-01
2.066876020768621258e-01
2.086478355800618911e-01
2.066642469960491835e-01
2.031209422098733675e-01
1.964537353365579664e-01
1.958253864999288663e-01
2.001438954633946443e-01
2.008470332816989778e-01
2.039729109212296831e-01
2.024147692046363856e-01
2.010867422577794494e-01
2.024374000254473005e-01
2.007314527294031536e-01
2.012371773761267857e-01
1.961370508546959879e-01
1.997634968726348659e-01
1.978237590732840889e-01
1.999271167232217483e-01
1.943947786854758608e-01
1.938785261571704666e-01
1.967929285495462755e-01
1.965098231793126760e-01
1.940207468305717442e-01
1.987371010746556144e-01
2.038870355532336753e-01
2.028132118719231936e-01
1.976970420141781204e-01
2.144389569233045301e-01
1.965270386749345399e-01
1.988792059881518970e-01
1.964340413537158103e-01
2.043488727378217629e-01
2.048425599752950466e-01
2.030560775602603119e-01
2.088011126963420505e-01
2.025278022663661859e-01
2.022536116921713756e-01
2.033076130426799133e-01
2.010757997954179532e-01
2.057726827733503960e-01
2.050012419442818479e-01
2.055388999678501583e-01
2.028821591465519436e-01
2.015677608197965209e-01
2.063137589223072443e-01
2.087102609738629988e-01
2.078342485002376838e-01
2.079354021170080613e-01
2.081000226323594660e-01
2.104655376559541602e-01
2.071086200032558888e-01
2.075219476293008458e-01
2.083046132477871515e-01
2.039700885143725106e-01
2.106793271472485740e-01
2.085102369499609865e-01
2.186904351786700951e-01
2.207864637309853439e-01
2.156980943464211209e-01
2.129538441067476695e-01
2.091515268766810376e-01
2.063741642269603382e-01
2.133608755005673152e-01
2.143690167845492822e-01
2.130612466393341231e-01
2.024338439926820776e-01
2.048859382144486430e-01
1.949393634150022869e-01
1.985168809443367544e-01
2.151255076597997640e-01
1.968068607668752301e-01
2.051204227880218389e-01
2.021611488110465760e-01
2.029582241634141360e-01
2.088891837506755000e-01
2.026350882446960322e-01
1.921842865103568498e-01
2.057774325651092473e-01
2.025984651921601265e-01
2.111979787444321355e-01
2.163752999198755023e-01
2.164381907270856720e-01
2.028981875433439885e-01
2.073093941282506958e-01
2.055254109748603231e-01
2.044633593119005721e-01
2.136529485987047061e-01
1.895753566912408705e-01
2.092191999743759079e-01
2.068435382118525012e-01
1.991097483397561430e-01
1.996149955301261547e-01
2.022299154182138070e-01
1.989102488216670794e-01
2.205566473746486400e-01
2.160073108495867422e-01
2.140251918867670522e-01
2.106020068824518698e-01
2.202766326485999793e-01
2.052184618858693133e-01
2.109735653046029835e-01
2.095079690444930920e-01
2.140373009612712429e-01
2.145538638605137827e-01
2.106247284555093358e-01
2.126884807738897709e-01
2.130184172537651355e-01
2.127516708843179838e-01
2.138369812437278805e-01
2.236174797729513775e-01
2.238142685948049937e-01
2.343058266823195568e-01
2.393694824778535568e-01
2.134731468635340801e-01
2.074265082364865898e-01
2.092946978986523210e-01
2.193249931165668076e-01
2.294207401618884867e-01
2.020284517270006519e-01
2.137342698096882654e-01
1.999044434892190414e-01
2.113321202655729092e-01
1.888004086929467862e-01
1.964228901808174887e-01
2.130155799792274873e-01
2.140543290423121969e-01
2.077518286759902633e-01
2.121124713908809356e-01
2.215421505070727104e-01
2.171415494254136658e-01
2.104716547695409667e-01
2.126232223726826354e-01
2.157346762175063326e-01
2.124880785015650642e-01
2.142775148912621774e-01
2.124330280856491504e-01
2.149187407223890067e-01
2.010091393974950957e-01
2.036686643834969834e-01
2.120440690790940663e-01
2.222256663690673484e-01
2.137427501166430655e-01
2.171704796362761980e-01
2.169258061941980176e-01
2.091184884492247875e-01
2.218250535224335351e-01
2.040840855985048274e-01
2.116386456170861741e-01
2.195044530406752292e-01
2.100787029937978556e-01
2.177944782062260776e-01
2.183926520534456017e-01
2.300304983705479256e-01
2.304619963524752457e-01
2.195198536153205315e-01
2.351289772246454024e-01
2.150118658364074398e-01
1.981732990514510906e-01
2.235943087922926953e-01
2.124247062853863721e-01
2.168465476544139681e-01
2.134574408897623177e-01
2.073135424824432138e-01
2.041325659801009329e-01
2.180237341098657244e-01
2.054780313877900277e-01
2.176948104734097722e-01
2.140349939623991393e-01
2.142932826834283710e-01
2.141307724734951845e-01
2.094898842334110833e-01
1.979008214329552318e-01
2.067110380609503695e-01
2.223298083738232400e-01
2.173107193609974397e-01
2.022468834801736393e-01
2.067754741200726609e-01
2.224056272781576582e-01
1.985067934071293172e-01
2.179099274824437826e-01
2.156301616293706813e-01
2.219597477114364503e-01
2.061681564665245325e-01
2.155618920512560599e-01
2.116269833465528327e-01
2.189666520314575704e-01
2.158194415917371600e-01
2.272060297680616736e-01
2.339264161782829143e-01
2.160807842907526699e-01
2.216135661226592279e-01
2.159528375114372067e-01
2.308261108393903915e-01
2.178736974759997169e-01
2.138819139340576436e-01
2.243876452484452333e-01
2.120490525209332011e-01
2.148516698540556547e-01
2.111711512833091831e-01
2.063964036948101599e-01
2.062901612397455009e-01
2.070194976720668989e-01
2.210580275587669952e-01
2.048238096741457903e-01
2.286460717211192539e-01
2.053651740997076980e-01
2.051837665393964338e-01
2.093129087364872243e-01
2.114367711242400028e-01
2.049261298985394775e-01
2.059813335486225805e-01
2.084392194103917295e-01
2.129245935188251448e-01
2.116210633181904999e-01
2.045095953901326369e-01
1.939380596650968069e-01
1.995470466145300159e-01
1.936697823330825741e-01
2.084359801461026507e-01
2.042429424134545035e-01
2.129306340280760768e-01
2.017334344191966944e-01
1.987850814119880849e-01
2.048792493493038769e-01
2.170475599936778632e-01
2.049840206993769620e-01
2.036587316717732299e-01
2.312331605825216907e-01
2.147913967857774387e-01
2.220743202535021277e-01
2.239560996070757148e-01
2.293545421568002896e-01
2.047436130535086884e-01
2.332062585942868138e-01
2.076709491309689237e-01
2.079119640909431188e-01
2.187709773073522879e-01
2.208413072811509781e-01
2.096327590270012364e-01
2.094152187799958320e-01
2.263139033261464816e-01
2.103458625081877920e-01
2.097265784655413245e-01
2.211408762522532878e-01
2.163515884897917463e-01
2.155159647455468508e-01
2.294091228176727837e-01
2.122784708656001162e-01
2.122608566718497403e-01
2.177158473815422046e-01
2.207556566589466140e-01
2.113819129475114078e-01
2.190158313802124390e-01
2.105250488609083925e-01
2.043256130892877886e-01
1.971659686448608007e-01
1.980538655244726831e-01
2.128486246662788517e-01
2.005115799647934072e-01
1.949062213010548938e-01
2.118324987882390653e-01
1.951468209231574935e-01
2.086261034022686978e-01
2.119389263432446546e-01
2.136822967045820809e-01
2.056766125940851508e-01
2.117039210327817389e-01
2.139004227506876854e-01
2.001150370055933270e-01
2.006846251963341765e-01
2.089596364945124074e-01
