2.742058835245443915e-01
2.743612042558561948e-01
2.744934302429515305e-01
2.743581331787896538e-01
2.743469760485452991e-01
2.746869049218639280e-01
2.738059084076311378e-01
2.736029890528932085e-01
2.734246487867417197e-01
2.735194670222063640e-01
2.733277211883960445e-01
2.730810189363777063e-01
2.727513256890176652e-01
2.711875299387846994e-01
2.705431824338391245e-01
2.702619009909255632e-01
2.685638361966279364e-01
2.659892884037340921e-01
2.651267141436198238e-01
2.645632374341422843e-01
2.638207514474036341e-01
2.649969632418474608e-01
2.647208754992215751e-01
2.662525613655219447e-01
2.656663036448672632e-01
2.653409684265422563e-01
2.649547820526395592e-01
2.645544187413291226e-01
2.608526471491291465e-01
2.594731302400255513e-01
2.598312096009995353e-01
2.597338923892100748e-01
2.596092304894917491e-01
2.585932194696074493e-01
2.584965121081459483e-01
2.582140445818569274e-01
2.576676637080973498e-01
2.573292667302936043e-01
2.567987670904956499e-01
2.569400236524264081e-01
2.565836217775854800e-01
2.560675145226956606e-01
2.560973144062567708e-01
2.572848619568322559e-01
2.571934488223881488e-01
2.566564582140872242e-01
2.562630708576726923e-01
2.562170982057909718e-01
2.536812249474879599e-01
2.537628692067677161e-01
2.530729401044925497e-01
2.530399110575662358e-01
2.530603401769815908e-01
2.530704103702701713e-01
2.532697073318715408e-01
2.537017100785411428e-01
2.534430875425920382e-01
2.534144451111679519e-01
2.530822739471783045e-01
2.532359543328005502e-01
2.534645582704527222e-01
2.532424352688686375e-01
2.529352033733112126e-01
2.519294946458222051e-01
2.518309055482906289e-01
2.515293512259724751e-01
2.512855734301299160e-01
2.519381488438190431e-01
2.522202955270577696e-01
2.526105642162216891e-01
2.532036501732074507e-01
2.533165734125167878e-01
2.539145645376307825e-01
2.547224606558497473e-01
2.537171897987199332e-01
2.535341365078466191e-01
2.535607050867225709e-01
2.535014141754580730e-01
2.521636564603340624e-01
2.524760959280544781e-01
2.525008369758166560e-01
2.526985769924957603e-01
2.526583605107813879e-01
2.532730433029683481e-01
2.534240649472473406e-01
2.542112327237437408e-01
2.540592247794666303e-01
2.538832618117899398e-01
2.538673681056337617e-01
2.539877039526578506e-01
2.539916036930406351e-01
2.537760764444426109e-01
2.540924228243607308e-01
2.552768919808843795e-01
2.553320945243136020e-01
2.548458196383265872e-01
2.548923383107280505e-01
2.545585264399808367e-01
2.559181856472683148e-01
2.555076654990451335e-01
2.564424402552781812e-01
2.564203049090982289e-01
2.570680264995011677e-01
2.565894080713847503e-01
2.561550213854421054e-01
2.566780859251798219e-01
2.570434563485422541e-01
2.570760611110577964e-01
2.597184982487212301e-01
2.595988961708686205e-01
2.594958439988954702e-01
2.598071775180274545e-01
2.603660520519341937e-01
2.599899668540853193e-01
2.595005659280352761e-01
2.581663122850361147e-01
2.582040768069204795e-01
2.582359843429204993e-01
2.581068612897154946e-01
2.576398536071359824e-01
2.566064741021009676e-01
2.571829277899852495e-01
2.580211696297030066e-01
2.576932175075444809e-01
2.577549111537016935e-01
2.578644770664269004e-01
2.576958678403738490e-01
2.579088592548727799e-01
2.579035054046242559e-01
2.580512667605742716e-01
2.573058609620753612e-01
2.581506500889619304e-01
2.578801751502602380e-01
2.568019529180609606e-01
2.573268377347023295e-01
2.570727733695027939e-01
2.567495873154547192e-01
2.558699671757102001e-01
2.554920066575573911e-01
2.552965269096479362e-01
2.549731248215399426e-01
2.546592809659999901e-01
2.544950363120859760e-01
2.548933012180016333e-01
2.545725691305034122e-01
2.538900884807546166e-01
2.533906066987764993e-01
2.532295322951846894e-01
2.567612075126738391e-01
2.560995164637429600e-01
2.568938615401220593e-01
2.556197098894598119e-01
2.554147713627480942e-01
2.537385317412502173e-01
2.536251029555523506e-01
2.528611343288306723e-01
2.533844929009709812e-01
2.552016066961399487e-01
2.554644240791799081e-01
2.560287625682969304e-01
2.546876647506988167e-01
2.539333843648520217e-01
2.530583068418816861e-01
2.525171113283274926e-01
2.520908281970927201e-01
2.511024132308181667e-01
2.509088391640662552e-01
2.529208004068162485e-01
2.525447786882817347e-01
2.529201920403671422e-01
2.526441505817138555e-01
2.560861532470515289e-01
2.525598713297246278e-01
2.530319238731073006e-01
2.531887109045493078e-01
2.528970630401456976e-01
2.512854977378164434e-01
2.517316434462237296e-01
2.515647111071347419e-01
2.510947840678731668e-01
2.535787978765516870e-01
2.537208319947611423e-01
2.536680439573127943e-01
2.534559910858407150e-01
2.534694334146515571e-01
2.540474484541297429e-01
2.562095008286249809e-01
2.563981492255060224e-01
2.567630086667415656e-01
2.582281489191373125e-01
2.585555980293438583e-01
2.594017318258640681e-01
2.588831907898080931e-01
2.586790980926663153e-01
2.556515825721797919e-01
2.565722411575747097e-01
2.579399079944342255e-01
2.580982407635504794e-01
2.580692130288840813e-01
2.555361429659674388e-01
2.557258191972865413e-01
2.549543399593613979e-01
2.550170165223774044e-01
2.540879224689285287e-01
2.545656449499766882e-01
2.535220141211479983e-01
2.534287983514750819e-01
2.535198586412291677e-01
2.540669847144032545e-01
2.539500391858900419e-01
2.532435221473098297e-01
2.541149838967073915e-01
2.536843766446235660e-01
2.533322935879225857e-01
2.540094003929350142e-01
2.556568813254175287e-01
2.558488358141606800e-01
2.534470382927179188e-01
2.537108051149179477e-01
2.568677641801119238e-01
2.522447039343386210e-01
2.535783753122204942e-01
2.546063234138405407e-01
2.553533661644131203e-01
2.551146236111584420e-01
2.547470879462764848e-01
2.544557283781419543e-01
2.548501482734170098e-01
2.549439134574867372e-01
2.559907241033231307e-01
2.568463015425834772e-01
2.533133113675174464e-01
2.545094084229812537e-01
2.554537909821494868e-01
2.555219922532410703e-01
2.555750474852468423e-01
2.542280919249848004e-01
2.548560665221452082e-01
2.549914095188328678e-01
2.550971268821656812e-01
2.557866375152078042e-01
2.558866493241097051e-01
2.557067180404415940e-01
2.555745523773416683e-01
2.555318232291886593e-01
2.556059535586203690e-01
2.555014554769336477e-01
2.558698169291030999e-01
2.544856854048540007e-01
2.553019312439834820e-01
2.554876048702500735e-01
2.553964592893902541e-01
2.554343087194377859e-01
2.545730693943184519e-01
2.545678138841159788e-01
2.547561385493949948e-01
2.542779663062709194e-01
2.542887964494411346e-01
2.544666250492135240e-01
2.554662161511859764e-01
2.568896464119413969e-01
2.563108365487473117e-01
2.554243207027946938e-01
2.564380527658673414e-01
2.560713765571960288e-01
2.569796031868678554e-01
2.566524539843420549e-01
2.552941788058585293e-01
2.550078648141703708e-01
2.554036621517294381e-01
2.561686448432899388e-01
2.550780607085821328e-01
2.554779977898979371e-01
2.557565999899341636e-01
2.559944123228968249e-01
2.559865354556944417e-01
2.555196992648969267e-01
2.551571792002698125e-01
2.553817426556923564e-01
2.555510899905625299e-01
2.555334836467457182e-01
2.553604558476700870e-01
2.581744028156993664e-01
2.582418622310132528e-01
2.581078692149276765e-01
2.564484532349134427e-01
2.551519105100776841e-01
2.555233938233544277e-01
2.549850527721423399e-01
2.556970239384134813e-01
2.546763670957311598e-01
2.551520502451161132e-01
2.540739167210117611e-01
2.556305833867960620e-01
2.543729916705229077e-01
2.546837387301555400e-01
2.548116807051925559e-01
2.549698020760338135e-01
2.547920807603314963e-01
2.541604465926179390e-01
2.543858886814455711e-01
2.551791420547697142e-01
2.548913708952149637e-01
2.545073967354616329e-01
2.550278143908228934e-01
2.554544194405537483e-01
2.565077049205565785e-01
2.561705731212285397e-01
2.571585169323024611e-01
2.570140496988864709e-01
2.575582393134082659e-01
2.548894978373117404e-01
2.558577660179942592e-01
2.572975194245337160e-01
2.557852581038097539e-01
2.552077135926332785e-01
2.564475220040123293e-01
2.566528280660143047e-01
2.564515597854877815e-01
2.567674820064794194e-01
2.566165415138361161e-01
2.560233227207125428e-01
2.566923849212374154e-01
2.576426716319377697e-01
2.578495960278254229e-01
2.555790738382011096e-01
2.556196220877237635e-01
2.559247471839977139e-01
2.556453689710335708e-01
2.566593923941035693e-01
2.560982576326963911e-01
2.576192750384010965e-01
2.557457225925341970e-01
2.576220928509835306e-01
2.563418654102777028e-01
2.566057566065709228e-01
2.554822444414273086e-01
2.559824706757996005e-01
2.557755553678393023e-01
2.584216250243367985e-01
2.574975867895832327e-01
2.574460051707962993e-01
2.598337373014650842e-01
2.609104286495336211e-01
2.599058582083052515e-01
2.619640794990564236e-01
2.607916770561329867e-01
2.609852326781591514e-01
2.592154149260041396e-01
2.634798396631062856e-01
2.654609395477823264e-01
2.683456130559411790e-01
2.655057417873292747e-01
2.675143955048436273e-01
2.694754650841308941e-01
2.719018755372497598e-01
2.692764938868361657e-01
2.702777587017985983e-01
2.708657142647399874e-01
2.699956089924949176e-01
2.676301389130597563e-01
2.649173575289011651e-01
2.661079662593431872e-01
2.632722765356642625e-01
2.617449380920265911e-01
2.603882739124998014e-01
2.625973367598579689e-01
2.617123536253292970e-01
2.650477520304289625e-01
2.639471587015431719e-01
2.651197500510521499e-01
2.678445074941447901e-01
2.666275233691169366e-01
2.649871723232515297e-01
2.644462277173365572e-01
2.653779328224670775e-01
2.643434673785955424e-01
2.628157475672222576e-01
2.660300003123508006e-01
2.650448584056988577e-01
2.637598889037952588e-01
2.586241837099056973e-01
2.601992855843552888e-01
2.604226577734171655e-01
2.611992223781292588e-01
2.583590448898384628e-01
2.592864039391589159e-01
2.594151340316376841e-01
2.585476618916748848e-01
2.583900813582703515e-01
2.582832206915733897e-01
2.578020407000660708e-01
2.584761006538408012e-01
2.587758899331027984e-01
2.613167799148445325e-01
2.613646801379997942e-01
2.584450358129648517e-01
2.582376440838561327e-01
2.568327814428371103e-01
2.586142402525724582e-01
2.590505564722569987e-01
2.562184141212708322e-01
2.554705097781805323e-01
2.565378303161435780e-01
2.568703654643126888e-01
2.560869438804753706e-01
2.556681621808015170e-01
2.558527636097360225e-01
2.569927097559176477e-01
2.559744338160089283e-01
2.566151727258624282e-01
2.565267737178014706e-01
2.559506023097382066e-01
2.562549820052976712e-01
2.574674584261288368e-01
2.571989197531978633e-01
2.564422921126229826e-01
2.555425523017332834e-01
2.551364763322473972e-01
2.559351305065085680e-01
2.554347698826759938e-01
2.567536818055251580e-01
2.558887685596841766e-01
2.555095925274496471e-01
2.560478500735853258e-01
2.560032341871720796e-01
2.547339676538667996e-01
2.555389692321938799e-01
2.556571372165071243e-01
2.548512278096180528e-01
2.556083383594205949e-01
2.575274972670850149e-01
2.567390461110531930e-01
2.575757339283259451e-01
2.576818670047900106e-01
2.581840307405964818e-01
2.586139811199308358e-01
2.592700766762010001e-01
2.590278481564106117e-01
2.587090311934855946e-01
2.580566285054983200e-01
2.574467761442155722e-01
2.560706808974649862e-01
2.572127865705646221e-01
2.558069429849881837e-01
2.561685099896747753e-01
2.559984700733400342e-01
2.584218330511304784e-01
2.579262988231058040e-01
2.564180717181246960e-01
2.577639660236203945e-01
2.580096492198982183e-01
2.584884184789202344e-01
2.588962806027154118e-01
2.595712504068030668e-01
2.614329041868129200e-01
2.592986516776651928e-01
2.581084972952097378e-01
2.599648183662390255e-01
2.635947473184364065e-01
2.632380350447663386e-01
2.590948635162865776e-01
2.591326901988614262e-01
2.564854298507134867e-01
2.565624984526720942e-01
2.561975054591014156e-01
2.571328019718578939e-01
2.565411911731078076e-01
2.571451770479050714e-01
2.564265273447640103e-01
2.562496446278246243e-01
2.572493585028535201e-01
2.582579438860754806e-01
2.587826377539954592e-01
2.590506406830557773e-01
2.587657715598447039e-01
2.585919206947890903e-01
2.588026528056545650e-01
2.594306805007898231e-01
2.579572178000694160e-01
2.584716149364772453e-01
2.600773396362042189e-01
2.621226213073454270e-01
2.588896387030478197e-01
2.598056869126489365e-01
2.598222506176918745e-01
2.607850594922581089e-01
2.621641090436584998e-01
2.631039296385705994e-01
2.630149336632930934e-01
2.594549462463023870e-01
2.590766470528983456e-01
2.586821730365128080e-01
2.579024418712769773e-01
2.587263568201549346e-01
2.570914592211032690e-01
2.573268040611201291e-01
2.585896970695512609e-01
2.601353500197805535e-01
2.608058994008987108e-01
