2.096042492554432701e-01
2.097877265266980817e-01
2.100502595197102640e-01
2.105119144887865890e-01
2.110131667141963985e-01
2.109189851126009596e-01
2.127060550105551728e-01
2.136986001720801720e-01
2.152892628237787764e-01
2.163659345515713261e-01
2.186408437738151245e-01
2.195272224059701127e-01
2.212276270940031486e-01
2.208281270362266735e-01
2.222421439130436716e-01
2.234753196644426732e-01
2.242669365997457254e-01
2.265215037624690730e-01
2.270384162328092370e-01
2.301353573794375218e-01
2.319545717510678173e-01
2.345275676621811634e-01
2.357998456760692640e-01
2.365564296248471032e-01
2.392725353161711532e-01
2.408336719952240690e-01
2.449326718317065832e-01
2.504135901232151240e-01
2.569669277495195137e-01
2.584025713647714051e-01
2.633549222561701875e-01
2.709520600482064889e-01
2.786922253993313059e-01
2.842670468941733142e-01
2.944799217015456883e-01
3.004501349844930225e-01
3.118046379412414137e-01
3.195642584884045845e-01
3.229660121032547071e-01
3.278700029639640134e-01
3.348241030422295372e-01
3.390625837903103457e-01
3.417952885603238733e-01
3.448986062074160253e-01
3.509179746032790592e-01
3.655147057873795458e-01
3.689458597984338617e-01
3.737652476642803201e-01
3.806537156593198801e-01
3.929162640406427820e-01
3.956592009137830379e-01
3.986563279255702086e-01
4.035904713119555787e-01
3.997488089958456392e-01
4.032630468862398176e-01
4.158943317512923676e-01
4.220813066818401293e-01
4.326995879834010794e-01
4.423783043681439597e-01
4.417795158199756544e-01
4.428468321050961221e-01
4.332100617399175513e-01
4.240445780919624430e-01
4.307889211036706190e-01
4.499015188033640977e-01
4.397177806682800449e-01
4.462288708123454684e-01
4.554126495673142538e-01
4.666966684033524437e-01
4.826616608253168628e-01
4.813116920844925928e-01
4.876467119713111531e-01
4.929053092086760901e-01
4.942138511729168848e-01
4.992370958626335953e-01
4.940161878458979583e-01
4.792294898585935936e-01
4.659529434141579385e-01
4.529234213604182990e-01
4.769082968408738799e-01
4.919853224810790682e-01
5.188647010514830793e-01
5.261247266498023656e-01
5.257415331811009507e-01
5.329000158099094220e-01
5.315452077054664271e-01
5.298202484837312154e-01
5.453249141513277776e-01
5.564914745261282381e-01
5.417045829155651138e-01
5.449368393540007238e-01
5.519865558657328641e-01
5.361989527574330117e-01
5.707675919441710377e-01
5.519883005401414744e-01
5.436147499200620903e-01
5.662971521358964866e-01
5.695654736077079283e-01
5.524512330477332478e-01
5.476886358516692699e-01
5.287468201085639974e-01
5.335628635034429523e-01
5.316265393733302647e-01
5.344229486662591677e-01
5.499838698647545598e-01
5.445390351786794092e-01
5.412820551291933624e-01
5.483914218559949871e-01
5.516950806479810065e-01
5.860366254388146290e-01
5.809771909667219569e-01
5.838628919002961659e-01
6.009957957290094077e-01
5.922017395963343755e-01
5.936551883527080298e-01
5.578883761090961402e-01
5.860232437733154942e-01
5.222018999189468325e-01
5.593433947472181700e-01
5.754528917671823951e-01
6.025466660044814793e-01
6.056582738051231596e-01
6.027651818907227010e-01
5.929761191645638307e-01
6.117930503896946703e-01
6.172846927858911537e-01
6.134438279757892243e-01
6.516917630992505872e-01
6.140632141310801151e-01
6.351069914310369935e-01
6.434559001766233521e-01
6.413381627825702758e-01
6.108602393586018975e-01
6.732861053648292460e-01
6.318166049662631290e-01
6.359591372668006448e-01
6.084503980894440112e-01
6.403542211835432374e-01
6.763386192736670077e-01
6.734579299353358195e-01
6.878515372660790606e-01
6.881212145325771301e-01
7.065008361133096049e-01
6.670803689373280276e-01
6.366563360749276645e-01
6.118631492982146147e-01
6.333116063737345147e-01
6.614726211077706086e-01
6.147221513127674175e-01
6.099234155391003442e-01
6.152518370501853795e-01
6.015622607885943163e-01
6.541881468179037151e-01
6.417548826288195229e-01
7.085031130300621927e-01
5.922536177758379594e-01
5.485338383898663572e-01
5.984547872063789020e-01
5.761765300589112293e-01
6.697804411651581136e-01
6.909025359382430231e-01
6.997151818987126237e-01
6.611993862637093322e-01
7.189447176674987894e-01
7.171486383114363816e-01
7.365807743459118484e-01
7.459052162336551328e-01
7.478244818932185956e-01
7.109957530750713461e-01
7.206524439429561335e-01
6.433604204547390681e-01
6.455112514972560778e-01
6.295507562851455630e-01
6.988478586987795227e-01
6.335131152160025092e-01
6.225981656285169974e-01
6.472477350286913733e-01
6.239518627478545243e-01
6.006519777562445705e-01
6.085749251282510652e-01
5.324279132917770774e-01
5.467623511533981073e-01
5.445931996161590405e-01
4.538358467211516811e-01
5.110924535361069942e-01
4.416410932447247251e-01
4.818160099361110116e-01
3.941787596437497099e-01
4.156596003254984795e-01
5.071268833050743829e-01
5.597381757797771362e-01
5.879644464233044765e-01
4.882149364756805388e-01
6.804191761455947729e-01
5.813149674918774990e-01
6.493685650332077230e-01
6.367372871306252735e-01
6.757350103768842153e-01
5.555445119626665207e-01
5.112872546816289443e-01
6.000695073674938707e-01
6.140093588613803055e-01
5.056105790609750628e-01
4.754072232420201716e-01
5.011791502123791320e-01
5.999157289236293211e-01
6.775770192886348964e-01
6.710408730600521121e-01
5.045505256993916277e-01
6.997136224777591451e-01
7.216391682551263065e-01
6.120775344603083257e-01
6.520704093994271755e-01
5.100421137001021066e-01
6.031652644378229233e-01
4.719204474339704913e-01
4.296008848877533870e-01
4.430516028850338683e-01
5.720989029635299428e-01
6.730504259427525504e-01
6.431078331140968052e-01
7.079055137755124738e-01
6.348228713771043585e-01
6.679362101509858096e-01
4.784227964628674501e-01
6.890105091673897064e-01
5.590293082942895397e-01
6.920269933284772801e-01
8.275584487992109217e-01
8.439323081818994599e-01
8.246037873202202162e-01
9.236740950663665517e-01
7.919669650180093390e-01
8.921892475847310600e-01
9.385587804872443929e-01
7.507829872622370226e-01
7.958272305649376488e-01
6.354071983565716675e-01
5.794748861384371175e-01
6.228769149381723214e-01
5.801058762613308106e-01
4.297866236871830115e-01
4.812169488746600443e-01
5.008073559654839801e-01
5.029410799802486176e-01
4.931503823561892430e-01
4.717303755697024870e-01
4.953347572484259054e-01
4.821628580158501265e-01
4.376477914636488498e-01
5.305603187598565418e-01
3.113391369190482427e-01
2.916719639297477573e-01
3.194250714920980339e-01
3.430948079701707787e-01
4.147823960046157499e-01
3.740674396192218421e-01
4.529999085302632844e-01
4.773844727445369363e-01
5.168196666875288781e-01
5.202663583715696483e-01
4.103921398418671762e-01
4.337733826776576374e-01
3.956609547921293157e-01
4.830528870561238142e-01
4.804260117693084919e-01
4.608202032613321064e-01
4.786620037317819709e-01
4.400079487231518538e-01
5.371617938114381374e-01
4.896504099120070341e-01
5.467022875658086312e-01
4.527813925148472252e-01
3.975296267607757450e-01
3.903239409819148076e-01
4.018940270078760757e-01
5.304147454466894285e-01
5.441795399217813634e-01
5.720865971302904196e-01
5.616367428106161519e-01
6.334241984336371756e-01
6.506635194627649055e-01
5.356779438382647252e-01
5.337016489086642279e-01
5.619034284875296104e-01
6.276026957565701281e-01
5.138357458440655501e-01
4.886160320902283027e-01
7.486503244260422907e-01
7.464006417732353960e-01
4.333550413252005851e-01
5.808091500374182869e-01
5.952074950271225573e-01
6.753663167753046759e-01
6.039277437599168685e-01
8.025793129107477997e-01
4.009321615513729564e-01
6.602336576898834020e-01
9.892393716256014935e-01
2.626506341369714836e-01
3.185300486775424766e-01
3.480626017681797135e-01
3.830733826998491964e-01
6.668882868672749709e-01
6.406439439026955229e-01
3.673820264568404825e-01
7.166524253626216368e-01
6.057904227146249099e-01
4.073259919209425428e-01
4.565615453821008640e-01
5.558912074020994076e-01
4.167697845178409688e-01
3.895597722787063066e-01
4.035640397331505813e-01
5.891307310809759112e-01
7.344735281245580172e-01
5.944192948527137199e-01
7.123886554054412734e-01
4.779700192080597598e-01
5.946056507731256602e-01
5.778557875617280626e-01
4.807745527887594683e-01
3.137425294921705743e-01
3.226567644648599131e-01
4.312568192179570548e-01
3.480028330162276973e-01
2.803977332615125162e-01
4.438285759846243295e-01
6.505324259050879743e-01
6.741285105119751986e-01
5.273132761221394071e-01
4.530631254863069501e-01
3.864324819721303150e-01
4.577451519615047815e-01
3.646740684225486806e-01
4.275450435248389636e-01
3.559123900732638623e-01
5.848381165401134174e-01
5.002105155022199545e-01
4.841146482186359790e-01
4.609271398535369491e-01
4.420794151762853508e-01
5.188364877140889675e-01
4.727846714843934040e-01
4.600367106530788286e-01
2.627278281534254356e-01
2.653177687503773252e-01
4.538700737064023105e-01
4.988358914229643060e-01
2.081694705971950110e-01
2.076669370007729332e-01
2.350118175110687269e-01
2.199112076663786441e-01
2.270092211186538200e-01
2.939442000398135302e-01
2.521751649192060518e-01
4.330163150433056773e-01
2.145108555343558099e-01
2.142170902363900731e-01
2.163266873464600726e-01
2.202791170701359214e-01
2.208748253912657666e-01
2.854264997084833277e-01
2.859496840149083896e-01
2.470829157136671672e-01
2.461047468884477174e-01
2.607006244254732041e-01
2.815347165627377080e-01
2.641077809486732653e-01
3.399634497828230018e-01
2.817897463188877016e-01
3.482570598336092171e-01
3.575727364767439798e-01
3.925291154882446509e-01
2.151790138090939331e-01
2.221019832335888178e-01
2.542669450080259352e-01
2.610547904317634949e-01
3.993736164139310985e-01
3.311053891872061672e-01
3.464026914273897195e-01
2.473606621700175090e-01
2.896092821469197776e-01
2.923507236996737979e-01
3.000682255761490391e-01
3.286091335756329279e-01
3.371269620774055009e-01
3.827978206447128495e-01
4.219791254323226326e-01
4.260345849096345283e-01
2.506478515939233875e-01
2.500505402692639323e-01
2.591409504164474686e-01
2.497250767171121932e-01
2.474002200981950950e-01
2.604465984073615070e-01
2.536252253935918910e-01
2.696315144603631531e-01
3.014178141799602750e-01
3.204136594389384030e-01
2.620159247841053474e-01
2.825578275201494072e-01
2.702350843554553461e-01
2.855478543183052054e-01
3.603942951158451424e-01
4.112985135112727786e-01
2.177091074114546609e-01
2.257879206023969410e-01
2.306924048211685119e-01
2.351600617657873815e-01
2.406228823828902019e-01
2.670050403372075665e-01
2.647302736676824808e-01
2.910244974756090452e-01
3.118646092519300472e-01
3.310917338841089519e-01
3.826568153353823165e-01
2.808496952802244095e-01
3.280674927011645314e-01
2.451921312496819494e-01
2.492465398089046824e-01
2.808283058496280904e-01
3.343942241793477765e-01
2.990629488767734823e-01
2.166558798527994378e-01
2.297515475352203684e-01
2.343164757342235671e-01
2.381805208041789801e-01
2.432764100058265322e-01
2.470165082617222507e-01
2.129706474797027349e-01
2.126635010697111861e-01
2.145581759265652033e-01
2.249773147523982109e-01
2.303217980350006633e-01
2.318484141123358655e-01
2.422265642519809969e-01
2.579982262111447655e-01
2.545726517702852632e-01
3.383779411156823125e-01
3.751534778061382802e-01
2.509971337031066119e-01
2.663329812871760294e-01
3.624139809861195438e-01
2.373031921278573042e-01
2.474003980680786752e-01
2.732417689111981129e-01
3.010258582755401258e-01
2.412814683924039971e-01
2.450946423699477683e-01
2.455886890536130018e-01
2.500376585992691303e-01
2.240485547000244104e-01
2.245570936963486308e-01
2.207539445680705426e-01
2.203920428780857255e-01
2.212214447142610563e-01
2.206575463028315476e-01
2.185744310164446924e-01
2.180073642846693804e-01
2.179054700775957532e-01
2.182533184087225575e-01
2.188984921675848905e-01
2.186816829388169847e-01
2.180076314626115397e-01
2.180753188204536674e-01
2.176757079018591667e-01
2.174116547340835259e-01
2.181893400554772988e-01
2.156308645917393296e-01
2.147394901700760139e-01
2.150953582750419202e-01
2.144052233011594644e-01
2.136218497284941842e-01
2.133675899055357261e-01
2.132205458205245485e-01
2.123518466811218086e-01
2.120751634475943614e-01
2.141487225668113614e-01
2.155041710159399937e-01
2.294151366305042239e-01
2.319775282312487585e-01
2.336073612836239710e-01
3.304163961348829948e-01
3.949998946612758854e-01
3.193404993084333898e-01
3.493379086058372440e-01
3.684773151064953955e-01
2.131640800873599584e-01
2.106552922419384632e-01
2.062891223082764791e-01
2.012089984583095292e-01
2.122830659568434586e-01
2.269863183865235556e-01
2.586658108567224112e-01
2.874432400839946888e-01
2.047283818856682758e-01
2.045906420827297290e-01
2.044978562206686834e-01
2.044847892225677977e-01
