1.034297620536567680e-01
1.032989472213045185e-01
1.032880074615288302e-01
1.032226172186337665e-01
1.034756530429949140e-01
1.034496608081607733e-01
1.034178428864064303e-01
1.034775647987689062e-01
1.033367765525825543e-01
1.032247075453720381e-01
1.030632359422109789e-01
1.030299394411778591e-01
1.030980084489596382e-01
1.028338658089474472e-01
1.028300016536793926e-01
1.025930617797106981e-01
1.024113348571197291e-01
1.018720467138651553e-01
1.018396337479114677e-01
1.017335003875394772e-01
1.017617382945500693e-01
1.018751642100093752e-01
1.016428883155777729e-01
1.015445402339975600e-01
1.013225437618804348e-01
1.011683880958376136e-01
1.011025669464204191e-01
1.013361277493212420e-01
1.007889409406889925e-01
1.006399693556386254e-01
1.007229282041372520e-01
1.004228998376436865e-01
1.006173765954297833e-01
1.007332111616361242e-01
1.006800361570545366e-01
1.005484345128470208e-01
1.005145053602059524e-01
1.004065844752424497e-01
1.005323067024450900e-01
1.004702645606555533e-01
1.005128172434780198e-01
1.004875566125306707e-01
1.004041721582819013e-01
1.005236050362969813e-01
1.004280818632324879e-01
1.003621018710304791e-01
1.002598752932230136e-01
1.002212338662231972e-01
1.000254997235955901e-01
9.965026128329916577e-02
9.976322668358719725e-02
9.982245097610910334e-02
9.972005106352122006e-02
9.964756730694999953e-02
9.965045738281466670e-02
9.965116803714769989e-02
9.982492094345399303e-02
1.001621277347453376e-01
1.008225582793277619e-01
1.009440017828053676e-01
1.018016918912569152e-01
1.021018992921563090e-01
1.021019026769232896e-01
1.023573038630324616e-01
1.027666258533968119e-01
1.025886178088276229e-01
1.027159542040203682e-01
1.033154644440032466e-01
1.031941402184731321e-01
1.031158492910345392e-01
1.031045715210759939e-01
1.031643120504627947e-01
1.032879079510143905e-01
1.039269064347237981e-01
1.041694074581721724e-01
1.043228354337621677e-01
1.044254624957661609e-01
1.042839906967334002e-01
1.050588989452887478e-01
1.052145919381623496e-01
1.058448418523184054e-01
1.059660274016580028e-01
1.060855380745367449e-01
1.061923571026876789e-01
1.061653955619200340e-01
1.066111396458261362e-01
1.066255475111766715e-01
1.070413874811391997e-01
1.089895135320265024e-01
1.093617105971884662e-01
1.103136838214475446e-01
1.110962979381214105e-01
1.120943454444053855e-01
1.122489076641617622e-01
1.124818166593988256e-01
1.129934748811016187e-01
1.133594995889210533e-01
1.141455005310575699e-01
1.136284494137063533e-01
1.150726856065720366e-01
1.187122920598943643e-01
1.186682397011240148e-01
1.190948558711781569e-01
1.215951973303240063e-01
1.213982602294047947e-01
1.225854059230715165e-01
1.235237124278060761e-01
1.226546281514693526e-01
1.228403564749896010e-01
1.232364993160156852e-01
1.243764807566131725e-01
1.243122731293289235e-01
1.252850367590853387e-01
1.270550711669794497e-01
1.274408971996093543e-01
1.276971610886094566e-01
1.314861545624265160e-01
1.303315254884808150e-01
1.311948817638334819e-01
1.319760865130841232e-01
1.316945391134980992e-01
1.313623272606110337e-01
1.316342899340685602e-01
1.296409238433784417e-01
1.322130468477814569e-01
1.326405308496671209e-01
1.328916272154628542e-01
1.332644820759828486e-01
1.328331135224265491e-01
1.340566100340248035e-01
1.336313019047735695e-01
1.336693810131540650e-01
1.326515994342184757e-01
1.324598518088294652e-01
1.311004838042148513e-01
1.312808475942284225e-01
1.327471653052519351e-01
1.323082986282423101e-01
1.305947285395381852e-01
1.315766575053414489e-01
1.315948528013268226e-01
1.335021072568426392e-01
1.297746488981595669e-01
1.298642120942416489e-01
1.309811525369923568e-01
1.317857554998405900e-01
1.326036781867517833e-01
1.328300287497870269e-01
1.310427612569373679e-01
1.344983318416839158e-01
1.344323950969738835e-01
1.344832322791549017e-01
1.338899800241371285e-01
1.337296249046248109e-01
1.357595707434085253e-01
1.356881275053023472e-01
1.384386472182301264e-01
1.403214109516687236e-01
1.395089006245509577e-01
1.404647144656997748e-01
1.408490844355527460e-01
1.419533012441892006e-01
1.457956754222565210e-01
1.498520642160770244e-01
1.579451446106661661e-01
1.599591607786398917e-01
1.635311375337831497e-01
1.671381914593776385e-01
1.728720910123792975e-01
1.812576671811657048e-01
1.895214123004131945e-01
1.953391265193314408e-01
2.074674652287732124e-01
2.071915558908181132e-01
2.075825796883611074e-01
2.075649561032317236e-01
1.931530282470497184e-01
1.922739895443455749e-01
1.949185416384329739e-01
2.288821340266825877e-01
2.289804395694907679e-01
2.940382305440255029e-01
2.940216082738794645e-01
2.850538390026603475e-01
2.845131236560587418e-01
3.154206565280589514e-01
3.181011044316629510e-01
3.206407671143053917e-01
3.165973010162225210e-01
3.016244483627940620e-01
2.746307794145685932e-01
2.745565833479430840e-01
2.609145295760745276e-01
2.696924219814587076e-01
2.725187911708477628e-01
3.021163049918027532e-01
3.000728360426282992e-01
3.075776826846866596e-01
3.041965289199076716e-01
3.000985868610805407e-01
3.597373933138119373e-01
3.419599873150408476e-01
3.282085311679665551e-01
3.175538205293209071e-01
3.466072025005029200e-01
3.320860545806594288e-01
3.411675813147407310e-01
3.392773388627153830e-01
3.486642544328608095e-01
3.593356659183862267e-01
3.392889546166187875e-01
3.722187142742604538e-01
3.761668576503270911e-01
3.963700283635247512e-01
3.956413116619982850e-01
4.090537096320961408e-01
4.253921242644785328e-01
4.091859500274389050e-01
4.277830388529957895e-01
4.276828180400328860e-01
5.303882430613330312e-01
4.196823123712908887e-01
4.129726779783924884e-01
4.365755097904172599e-01
4.503646073227063895e-01
4.097893864144382947e-01
4.212862397750585242e-01
4.420586476619677851e-01
4.551107602381967987e-01
4.890855708900783694e-01
5.360215628212758876e-01
5.448467541837569428e-01
5.906354216460767415e-01
6.528168568229033575e-01
6.446621919437038883e-01
6.071888324800066572e-01
5.850982715750692176e-01
5.496516853071217179e-01
5.368008329418236801e-01
4.933662625022821047e-01
5.141922347648335556e-01
5.569990880618959084e-01
5.448312978089335790e-01
5.775285549627908743e-01
5.089205161020013968e-01
5.662075592046955652e-01
5.291909421270859504e-01
4.718363541875753020e-01
5.226393963890197947e-01
4.808035433008665538e-01
5.225819176135506616e-01
5.310211796498036652e-01
4.507759796443817080e-01
4.963685253034779143e-01
4.962263938998162094e-01
4.914579398095794138e-01
5.383090430350777611e-01
5.090460033224526448e-01
4.581305081161343162e-01
5.170657642960083678e-01
4.882253585217482539e-01
4.553499200851585105e-01
4.829969271979251966e-01
4.983522981471976143e-01
5.336047407165580569e-01
4.713608865429850803e-01
4.910180040594978035e-01
4.846456791381401619e-01
5.848049769960488309e-01
5.456502780114362849e-01
4.955668234112757253e-01
5.118170190760169547e-01
4.977837307081348084e-01
5.196736614796138021e-01
5.461144397272681417e-01
5.673647494363924793e-01
5.054693570235929689e-01
5.377969921655545438e-01
5.372132498310456805e-01
4.720327733082483324e-01
4.925090722807358157e-01
5.005765072646779501e-01
5.210332989943751159e-01
5.565999047609189176e-01
4.709270484574266113e-01
5.548358792509813231e-01
5.495157457169795867e-01
5.291182803845844163e-01
4.355216023758904376e-01
6.175045392109637099e-01
6.794318745727666586e-01
6.232404535821385316e-01
6.537849438647420630e-01
5.429001178287492513e-01
5.335287036923523907e-01
5.781637203645190182e-01
6.110289962614799952e-01
6.393999478467862208e-01
6.463544794069659982e-01
5.805697526996643765e-01
7.114589619227362771e-01
6.079530295138599882e-01
5.950289563827915185e-01
5.798321745298544716e-01
5.860789907297563328e-01
6.256373860934127951e-01
5.044876064308363439e-01
5.606690867981506399e-01
4.545150105312103506e-01
5.260867857076250154e-01
5.318897625793586048e-01
6.234474116024804058e-01
6.328463466702318740e-01
5.335377410177470914e-01
5.347129583990002377e-01
5.244578050887573895e-01
5.473396583705013585e-01
4.585060621031761263e-01
3.905991376261633841e-01
3.219336551882878705e-01
3.934648815823004186e-01
4.063305690407757464e-01
4.115234730425790799e-01
4.952670918314170390e-01
4.867602992843925724e-01
4.413742189099151281e-01
4.343629826745786238e-01
4.326382087093517681e-01
5.689588230018797210e-01
4.716380488263264836e-01
6.628084657787777223e-01
5.683487891816220161e-01
5.949897769509738810e-01
6.016553503692099181e-01
5.523698423914273903e-01
4.234460888150656244e-01
3.836602268737285826e-01
4.296078353841307762e-01
4.043876646379981898e-01
4.254309063963832571e-01
4.201589472999648356e-01
4.070578624161951264e-01
4.182082041343292422e-01
4.376823926588548352e-01
2.968308816723367327e-01
3.336833923138216029e-01
2.026832760795146959e-01
2.595655681227464484e-01
2.610814588074799603e-01
3.224365331320226402e-01
3.483738505359007531e-01
3.904782621455723524e-01
4.084600972990254375e-01
3.495518114534017506e-01
4.206351661820070253e-01
4.942177371040352707e-01
5.774146459578788360e-01
6.022075732592693242e-01
6.985613635980056912e-01
5.947233033267160796e-01
4.198169382982468445e-01
5.223950723054489043e-01
5.981282361419788529e-01
4.480767795027156275e-01
4.319015191950789645e-01
4.683978122571781366e-01
5.048363600691254671e-01
4.859040962527640395e-01
3.496287023197562349e-01
4.473196654037677744e-01
3.406134601097245973e-01
3.529455520305087024e-01
3.925261925342098390e-01
5.206718255582604149e-01
5.754578441754701901e-01
5.581372048270186736e-01
6.534648539881122709e-01
4.527240246417661984e-01
4.134019137646929298e-01
4.761106571995562531e-01
5.527013883952369699e-01
7.670623247662669009e-01
4.523628644557083911e-01
4.035502885416127339e-01
3.904451360222874756e-01
3.912067416810693921e-01
5.329764938745240599e-01
6.187949515925732502e-01
5.132443801373109959e-01
3.678152017698877452e-01
3.322150773799124046e-01
2.781347816902003389e-01
2.969077902560297022e-01
3.484521432874207458e-01
4.036769690310463288e-01
4.067403834756319059e-01
4.055200523229215426e-01
2.810156688922680335e-01
3.413404098339273274e-01
3.304575334708677037e-01
