3.099931874014868471e-01
3.097543675678747777e-01
3.094924085301312688e-01
3.097547965001280490e-01
3.092806232737342897e-01
3.090839502395096305e-01
3.084136294776539389e-01
3.084833643509040657e-01
3.083688280887867394e-01
3.079819256037246156e-01
3.076418615184031147e-01
3.074314598290022182e-01
3.074753371579582173e-01
3.071217143547265160e-01
3.070841972471690107e-01
3.074160019273413647e-01
3.073636261501824785e-01
3.069942189718140590e-01
3.064080984145412523e-01
3.057485370768709410e-01
3.058245544775864411e-01
3.063046822894839871e-01
3.068302341958051849e-01
3.064256678440152037e-01
3.059070169215565849e-01
3.058381707337694544e-01
3.056540946231698919e-01
3.057273139234176207e-01
3.062925887748143006e-01
3.058245371025996584e-01
3.055115750280684161e-01
3.050471440469855744e-01
3.050569266593093354e-01
3.047216952650351751e-01
3.045376447949102450e-01
3.041516856557132664e-01
3.036983440198378625e-01
3.029091885030893438e-01
3.026717365204049104e-01
3.024602677681641483e-01
3.018508678136085921e-01
3.014393852566527032e-01
3.011902040228405797e-01
3.009200331356068903e-01
3.002023843940505587e-01
2.997459773681284689e-01
2.988585362685071689e-01
2.984494963960415137e-01
2.987321633621277672e-01
2.980789317001281691e-01
2.974612746105222416e-01
2.973731224259054673e-01
2.972913308834349566e-01
2.964111372487777674e-01
2.964846037471554618e-01
2.961810532402134877e-01
2.958391852412726175e-01
2.955793749975393903e-01
2.951332409834842574e-01
2.953885779102686238e-01
2.963786145233437419e-01
2.963072642128802836e-01
2.962898298833873123e-01
2.969871512291841209e-01
2.968435593325532973e-01
2.968525569854658097e-01
2.962544806037452072e-01
2.958323924363479018e-01
2.953644208287707906e-01
2.947868918386641335e-01
2.942005647315065753e-01
2.943009438427518498e-01
2.942009152270264050e-01
2.945366468579384556e-01
2.942810977642300596e-01
2.940370837699963769e-01
2.939829455521765222e-01
2.939274738550528010e-01
2.936843240117530396e-01
2.935779359199448546e-01
2.936961682812186947e-01
2.934779092560864111e-01
2.931211459167177846e-01
2.935351745640735199e-01
2.933469456861137470e-01
2.933418028355452289e-01
2.929790432630914321e-01
2.926860932152128836e-01
2.924945520303088298e-01
2.922403455254032334e-01
2.922898508499718329e-01
2.921408000642775615e-01
2.917912866928025206e-01
2.917241727359003445e-01
2.914257605393293371e-01
2.910474227050661167e-01
2.905767309370792528e-01
2.900812545794836939e-01
2.898852595480933547e-01
2.903478965108591825e-01
2.905134564152762056e-01
2.907063353577472031e-01
2.910146128797281295e-01
2.903380885199952632e-01
2.900841880418669194e-01
2.897419859891600669e-01
2.893049093490775436e-01
2.886690810791991413e-01
2.882419334146037460e-01
2.877813294999144733e-01
2.877223612394958496e-01
2.871108998897328735e-01
2.866645925623673707e-01
2.866365127792890877e-01
2.868980372968438775e-01
2.861414720482501894e-01
2.862948747982114184e-01
2.855500881899457055e-01
2.856636831468745696e-01
2.846444015788688886e-01
2.841055040819879252e-01
2.839700765373959768e-01
2.837750107913121211e-01
2.834893688180856741e-01
2.850273439456615931e-01
2.854060187149700112e-01
2.845987638196349478e-01
2.845667631103098727e-01
2.837895958131086416e-01
2.836033412516955621e-01
2.834103374537919051e-01
2.834478674543463028e-01
2.824411037057545371e-01
2.820581238978449590e-01
2.812202632979862726e-01
2.809730136271939016e-01
2.806509841087647117e-01
2.799575412558298892e-01
2.795727258984372354e-01
2.795670763501804656e-01
2.783814619673323221e-01
2.784273323398921973e-01
2.777590413082763887e-01
2.768288210121356285e-01
2.763193910271767861e-01
2.751723969657028368e-01
2.743345199512837729e-01
2.740973925636204234e-01
2.739916859962100437e-01
2.734609325951019576e-01
2.730100449651068351e-01
2.723983271232860437e-01
2.715418582036214223e-01
2.705850253940148553e-01
2.696824252441579750e-01
2.692346531501094153e-01
2.680343107738586417e-01
2.666595076687222621e-01
2.655749083740225336e-01
2.653452532493097982e-01
2.637250705400070450e-01
2.622228214993661544e-01
2.610279949683750322e-01
2.589012037446573045e-01
2.563098318882602866e-01
2.545966311249266978e-01
2.525614427526797212e-01
2.507343508718385405e-01
2.492207623695643082e-01
2.444335771984109118e-01
2.424866469778274858e-01
2.407599868570608759e-01
2.383820852815327906e-01
2.370514910210814175e-01
2.351513461451170128e-01
2.333134457128246408e-01
2.311708871400107723e-01
2.292590900250563724e-01
2.279461497017966909e-01
2.265961989327444637e-01
2.252402690213750058e-01
2.232680470773595605e-01
2.226128275364282760e-01
2.210913938037230853e-01
2.191138375059067389e-01
2.176746456810115249e-01
2.172358283572661808e-01
2.151055102152581167e-01
2.137722008195536982e-01
2.131558381519111645e-01
2.111594450711581639e-01
2.087150204629014960e-01
2.066080571533943366e-01
2.053739422867383591e-01
2.022962017967674664e-01
2.009610984991613558e-01
1.994212905578624240e-01
1.985259143570747009e-01
1.966554550039890936e-01
1.954279590449604920e-01
1.923748501453391990e-01
1.899457535641576600e-01
1.888151239564337946e-01
1.872332333023821183e-01
1.867653142563228674e-01
1.845636163798787810e-01
1.839102241520465530e-01
1.854808138032837950e-01
1.831387373986815281e-01
1.813120027218185770e-01
1.803556644027282663e-01
1.788888139853891390e-01
1.765045359650558310e-01
1.766231490044320451e-01
1.731524468494045066e-01
1.691311337206444221e-01
1.654928713802411022e-01
1.654605487097915995e-01
1.654503212618561037e-01
1.641284382773715578e-01
1.638412189919886686e-01
1.620038225051876890e-01
1.624626042432902595e-01
1.625485632406484804e-01
1.612780586701375585e-01
1.607723641658790337e-01
1.623024178394489314e-01
1.606041051074622583e-01
1.591320299578125042e-01
1.558638697460311695e-01
1.583818263424735528e-01
1.587306614653423709e-01
1.580517500797039010e-01
1.569740919697903136e-01
1.589222044825543689e-01
1.591745135554624713e-01
1.584950130525790146e-01
1.573208816091231643e-01
1.569524428217728973e-01
1.565914213591778070e-01
1.566341026365355160e-01
1.562773233395531314e-01
1.563889718603563850e-01
1.559372940468124469e-01
1.550299096939629084e-01
1.553526259525783715e-01
1.543790386217819555e-01
1.537691228473721528e-01
1.543945327463023820e-01
1.548011553554005937e-01
1.525134225834535451e-01
1.512906241140502539e-01
1.516203724849095602e-01
1.506741892907360603e-01
1.488008290638590247e-01
1.484743229912782458e-01
1.467659892624997298e-01
1.455080357592724027e-01
1.442848092589898712e-01
1.447877751877765240e-01
1.415112387501519242e-01
1.396841626945185821e-01
1.362748712194167267e-01
1.331982969163768571e-01
1.327064119573301282e-01
1.313600636745072547e-01
1.344698880462646962e-01
1.346192485694746033e-01
1.295273502016758282e-01
1.288814090966029502e-01
1.278582463343176379e-01
1.260720357746598630e-01
1.248177718002185244e-01
1.245117255981965099e-01
1.283079155446170128e-01
1.261534370528051840e-01
1.305080698574807574e-01
1.302862185361687297e-01
1.289717510532888411e-01
1.307624639900701879e-01
1.330546345516585849e-01
1.262520774042011906e-01
1.190579149186261065e-01
1.189575836037356504e-01
1.162725986337636297e-01
1.188481537370840446e-01
1.181709161603207159e-01
1.148292406978892732e-01
1.164801197433773250e-01
1.203720674775009825e-01
1.218550073800222788e-01
1.232935884943367477e-01
1.211926077550821990e-01
1.163175838038287835e-01
1.218323111977051010e-01
1.208667983406566393e-01
1.150611450966399774e-01
1.155530433273331409e-01
1.176199946867995116e-01
1.185564795788081049e-01
1.193895766783383827e-01
1.213978881495702128e-01
1.122367902958375796e-01
1.091639588131339822e-01
1.107424270385810594e-01
1.120100769911037963e-01
1.072755104786310976e-01
1.069639693218368548e-01
1.051240743833076752e-01
1.047123931676755965e-01
1.048914919729966033e-01
1.037276535807672428e-01
1.060623052497105534e-01
1.075514352308195865e-01
1.069889891157074779e-01
1.105179867625278589e-01
1.089424451535923599e-01
1.152825381982746644e-01
1.127438008715537787e-01
1.082451979225643457e-01
1.030199932797996876e-01
1.035199981834207250e-01
1.045509577875299301e-01
1.069977177368740817e-01
1.041294309129622842e-01
1.093583200285244417e-01
1.160397959953951702e-01
1.057101161396307443e-01
1.051835624003319702e-01
1.013729500921796145e-01
1.107135893955524253e-01
1.076944023527426353e-01
1.074090850318996648e-01
1.032830261114828924e-01
1.100104423329350822e-01
1.053251779262315418e-01
1.076157453458789492e-01
1.088157779752185195e-01
1.085874534717856527e-01
1.082183468921726344e-01
1.085639003804410585e-01
9.966105702751061612e-02
1.045680651516261717e-01
9.683590609992720477e-02
9.570463486976066303e-02
9.316717084228492984e-02
9.653402451537387852e-02
9.989076372313074326e-02
9.551102790351950755e-02
1.007598740171090496e-01
1.046289129966551934e-01
9.506547021130920538e-02
9.571623791993737196e-02
9.728021030409038372e-02
1.026853951428044753e-01
1.072859676515427324e-01
1.080949226254603879e-01
1.108608070702247761e-01
1.028625520284438266e-01
1.055460262493148338e-01
9.222624978711115029e-02
9.122997104615487851e-02
8.970043965677519660e-02
9.281388069797200102e-02
8.956598496916037822e-02
9.797769791502333736e-02
9.658559589137061252e-02
8.903980000567657260e-02
8.987424905491661620e-02
8.984345277716215827e-02
9.643412192542807904e-02
1.034708706252072952e-01
1.104103196010380455e-01
1.069608882842710412e-01
9.762114570358448873e-02
9.378586163212912497e-02
1.033859023632667656e-01
1.040005571806808526e-01
9.889350601860354140e-02
9.861798265483835702e-02
9.382768031892836647e-02
1.006204789610015693e-01
1.087828906074824742e-01
1.036703502940427568e-01
1.020658713310931553e-01
9.409691793349850286e-02
1.031467968289700721e-01
9.689256379822785981e-02
9.387598553927443967e-02
8.687235521241765124e-02
9.284393670736759696e-02
8.700433575133036113e-02
9.026329169012289877e-02
8.762266595495099564e-02
9.069797869574468263e-02
9.294952882497904689e-02
8.515897141117691194e-02
8.699002076112355430e-02
8.536646107862946864e-02
8.627903334382332201e-02
7.753202397743033658e-02
8.625356452206596469e-02
9.134740570051404218e-02
8.557738508684184509e-02
9.052719189897429075e-02
9.812874759427783755e-02
8.895444018481114823e-02
9.071475321064154107e-02
9.802735413273305776e-02
8.365179294600808002e-02
8.524864362727099798e-02
8.694737444553699013e-02
9.519996143603377814e-02
8.716014447992789793e-02
9.071048120705824114e-02
9.550961022613428664e-02
9.031446498294484759e-02
8.530324437488318035e-02
8.444445453148535785e-02
8.231057556252611984e-02
7.566861805258655316e-02
7.760341423534802829e-02
8.589740786858433841e-02
8.625804510757306698e-02
9.437681159566549405e-02
8.848544417036946497e-02
8.008383622290758674e-02
8.588533393068908950e-02
8.754368606881379744e-02
9.068570046689387876e-02
9.066461850735613170e-02
8.041505012962552046e-02
9.454186580896750680e-02
8.672355196675739231e-02
8.712658856453035783e-02
8.902387312382531448e-02
9.050229773135161360e-02
1.070542306677011168e-01
9.073065545015532307e-02
7.805198236600471851e-02
7.693044705921606163e-02
7.787054058036518844e-02
7.827795342123300415e-02
7.172498182827306834e-02
7.523244433931161601e-02
7.717631839178912267e-02
7.827973680119455768e-02
7.556020525177975511e-02
8.490714522618501847e-02
7.984774465246860520e-02
8.292036669172217489e-02
9.088204102578781307e-02
9.818287521851873367e-02
9.385657712507478045e-02
8.981404226146816328e-02
9.825288941998822079e-02
8.931796609538360243e-02
8.383646438257395805e-02
8.767384889194190789e-02
8.703578277757269277e-02
8.541369576255279650e-02
8.259517005083052976e-02
8.492427362057389240e-02
7.565169869147882198e-02
8.557784682488260575e-02
9.951841226405130914e-02
9.494327233896822371e-02
9.961659539900825922e-02
8.274774836134701772e-02
9.010453654190259121e-02
8.750755531535997500e-02
1.022505911241317067e-01
9.712002618341014637e-02
9.769339357939664514e-02
8.913425219760875984e-02
1.052360753350142786e-01
9.267720737961408772e-02
8.653197301559578669e-02
9.298121596842225112e-02
8.057473852638843970e-02
8.161556601329923721e-02
8.213498384998321744e-02
7.809421292367071943e-02
8.404681142520691040e-02
7.835014363592791853e-02
8.072880535471049779e-02
8.690192578317644523e-02
8.845585568290910417e-02
7.893020902239024361e-02
7.880756219614551417e-02
8.289106852996075414e-02
8.285348237475491373e-02
8.011240358465873679e-02
8.314797414836046230e-02
8.110272084091015021e-02
7.731268543746466770e-02
7.735911358014097017e-02
8.062745038293592237e-02
6.761975854015009335e-02
6.329245118083087762e-02
