7.741707931091429407e-02
7.257547044887625864e-02
6.789363259088020131e-02
6.242120989562079114e-02
6.859866894604774168e-02
6.887597339676443386e-02
6.612670859150165947e-02
6.677327914935884956e-02
7.529619177342525282e-02
7.390960435081314617e-02
7.804552880351803279e-02
6.934530026103430389e-02
7.263795569018421938e-02
7.708260638470368353e-02
7.186098017218067735e-02
8.123647888938022310e-02
8.116365438270908839e-02
6.151348513333523838e-02
6.026686385368153209e-02
6.896990608503361653e-02
6.805595879158778116e-02
7.034150547934381326e-02
6.878946548671657779e-02
6.779869130045804160e-02
8.250797394736107682e-02
7.826606151651827048e-02
7.436469683170404688e-02
7.065597189385533494e-02
7.335935614638236513e-02
6.610817239202843032e-02
7.086178838132606295e-02
7.024875147078342430e-02
7.428107319182419843e-02
7.269014910650253847e-02
6.900395144803778136e-02
7.483997961629093587e-02
7.384310792874008988e-02
7.191285322530706348e-02
7.739960306969299875e-02
7.389625026912259587e-02
7.288241040430144813e-02
7.545083560942261736e-02
7.616271337972252420e-02
7.446265098561118123e-02
7.106591132462626581e-02
6.688173298043439963e-02
7.684448054775339099e-02
7.505141818429425515e-02
7.467230539671000644e-02
7.804871382294542581e-02
7.841051543732535656e-02
7.161864193812209067e-02
6.640125332000160197e-02
7.131283388836996695e-02
7.339563779905165786e-02
7.046224778958176671e-02
6.618507198454003093e-02
7.686429301364128275e-02
7.534465100863550757e-02
7.966513728794036298e-02
7.767810816190114098e-02
7.531126840036982129e-02
8.928228314235295282e-02
8.493808837902488973e-02
8.245222819169012451e-02
8.330760907963158379e-02
8.608562456323162748e-02
8.777618928614722149e-02
7.861097238529321518e-02
7.121728889214641589e-02
7.983953330574200535e-02
7.623982246728758239e-02
7.787115615569223381e-02
8.112204790538299348e-02
7.815331144614867664e-02
7.149814738413316773e-02
7.362187123666352750e-02
8.330388881941504231e-02
7.037157095398452467e-02
7.114003059997224543e-02
7.187838075117870817e-02
7.350288621961884039e-02
8.242655096706011375e-02
7.614757872328031807e-02
7.446552457392970059e-02
7.406073068854585051e-02
8.843818776377854185e-02
7.394470258050810096e-02
7.535868919727181647e-02
7.029164787979927387e-02
7.511148913364493196e-02
7.673032963866670275e-02
7.609704154859739389e-02
7.495956621506884299e-02
7.419724106056854729e-02
8.140064568214169793e-02
9.130095351381233015e-02
7.940527396841569330e-02
7.794781543576874416e-02
7.095898312113391171e-02
7.111951807081653976e-02
6.919700528309738474e-02
7.628206647124315121e-02
6.802893260775465245e-02
7.648872068480722097e-02
7.167743227776950110e-02
7.516551027961004827e-02
7.420632143796179747e-02
6.874846636094504582e-02
7.311661365422100767e-02
6.661192491378306602e-02
7.081722574838061890e-02
7.097631907991516775e-02
7.947211831018477501e-02
7.854617761347246208e-02
8.189247378189833115e-02
7.882545011769871712e-02
8.637450874387070376e-02
7.948667806608814002e-02
9.568905041675945800e-02
8.582753938760190326e-02
7.791612585908483379e-02
8.402219429505324022e-02
7.614700315454001056e-02
8.256214073013432020e-02
7.732076846783786372e-02
9.310985082084718978e-02
8.117884282236637050e-02
7.481797807587040050e-02
7.503057208344358908e-02
8.406927349340069522e-02
7.810955255337054259e-02
8.720400035168879294e-02
7.808795679099676812e-02
7.732674958700622159e-02
7.570301261288352179e-02
9.111293488118606121e-02
9.071702573318088381e-02
8.897473493660874866e-02
8.601029017348826855e-02
7.974950596183835727e-02
8.516337656375119747e-02
7.515693822483687780e-02
7.267727881852591165e-02
7.606761594729795350e-02
6.369946025510869747e-02
6.902727153310678210e-02
6.007244032790752530e-02
7.596868630766479003e-02
7.981487086847434409e-02
7.364290038444809561e-02
6.000155330916717017e-02
7.087599385151824305e-02
7.342242632051877715e-02
6.644948001962613926e-02
6.775229695677506547e-02
6.232323777941441850e-02
5.839627968550018672e-02
7.923299898435952338e-02
7.518130686342779090e-02
7.543153819053240172e-02
6.151255567781829803e-02
9.480935131920875669e-02
8.295480544670244538e-02
6.832706590928729062e-02
5.725929319283844243e-02
7.876593894600428247e-02
7.643544872370997001e-02
7.431127410656102050e-02
8.507892164248401223e-02
7.786845347251181160e-02
6.587153919665675317e-02
5.312029995954344747e-02
6.925994059429628480e-02
6.261852770827344705e-02
6.222829664933948041e-02
5.935720033789684824e-02
6.324716886419105843e-02
5.987574294840104783e-02
7.380940019921991557e-02
6.866468892823332504e-02
7.262742328778647172e-02
6.585529833577666303e-02
7.620902773482937653e-02
7.008679801888020866e-02
6.620368592783801298e-02
6.263780345845149089e-02
8.055424835762389768e-02
7.346855665415391590e-02
6.765731529050741933e-02
6.993975546758274264e-02
8.284090969597218690e-02
6.812057723641698481e-02
6.318014195673270217e-02
7.762271887160468453e-02
7.144568296782530248e-02
7.351132216942038444e-02
7.414933256637627756e-02
6.432619844193868119e-02
6.553957916526859107e-02
6.730883211578152225e-02
8.339961296424035220e-02
6.586782481268683986e-02
7.236692798630395274e-02
7.458102963186358236e-02
6.714639836449512456e-02
7.338392202290910937e-02
7.676219055960872839e-02
7.365565108914931547e-02
7.308542975161622102e-02
6.664878048541711397e-02
7.053551639119866323e-02
6.524911825848152269e-02
7.331639627769859224e-02
7.351971936217358006e-02
7.830220263343477816e-02
7.454085922840870959e-02
7.561319801506440064e-02
8.077795889704093846e-02
7.426464216304339006e-02
7.280858454329748597e-02
8.116374199057184435e-02
7.761333338842654750e-02
7.523864040232423889e-02
8.505755820836272130e-02
7.048208498278543677e-02
6.298272916637800978e-02
6.522385601686048195e-02
6.250738707761577251e-02
7.317384927563688746e-02
7.193849774452619472e-02
7.209812741746852993e-02
7.275401291552599514e-02
6.857620605181145856e-02
5.749783747499290915e-02
6.503504275305507787e-02
6.554847530487117879e-02
7.135021075923138334e-02
6.747742170973405895e-02
6.972932136238013667e-02
5.119541332915814036e-02
5.463250836443479114e-02
6.853759414764543090e-02
6.205553677498828330e-02
5.782034082115093676e-02
5.923638206181361388e-02
5.136526931632423576e-02
6.098262435578308965e-02
6.176734572451252070e-02
6.117018267158984279e-02
7.692507921381012970e-02
7.014802534541736412e-02
5.943815733512239352e-02
6.045577022791266686e-02
7.417106077264101760e-02
7.638299906356273150e-02
6.820509726343254586e-02
6.653242691110841656e-02
8.150360969065750805e-02
7.685039954042149901e-02
8.387914757321895953e-02
7.903451197703094400e-02
7.737851483859978230e-02
6.862037806150574071e-02
7.373783042764772699e-02
6.965479601192575698e-02
7.777219153567951904e-02
8.444120317460682146e-02
6.893295761311868386e-02
8.811544325930972810e-02
7.505628120403243231e-02
7.053298824862691552e-02
7.362086651827720596e-02
7.607693398102374771e-02
8.452097756897246350e-02
7.600852977053904058e-02
7.734437133297511480e-02
9.246425140718403379e-02
8.638763311511982179e-02
8.117063318241699021e-02
7.203299731708234788e-02
7.691269487497651158e-02
7.560964061003715153e-02
8.569439039628143351e-02
7.014444945392128705e-02
7.287221862857067023e-02
8.240454201059072004e-02
7.080985317353727382e-02
8.498807805857040709e-02
7.238792046768488531e-02
7.782833394971294672e-02
7.713567872155387140e-02
7.228016642872013564e-02
7.373497868388789733e-02
6.608662940835316468e-02
6.872846781043406850e-02
7.452415397544664977e-02
6.765673135921738968e-02
8.343768451704200451e-02
7.121825377966942150e-02
7.307231022302702883e-02
7.217013329778812492e-02
6.951443054265302179e-02
6.554240423360863099e-02
7.867616752335812591e-02
6.708591557280087214e-02
7.262437038071380135e-02
7.422798132481583933e-02
6.694850888406386757e-02
6.464194259065389470e-02
7.591009628234708650e-02
7.760008962908823693e-02
7.110391135623110592e-02
6.846033816387861459e-02
6.815870894165113048e-02
7.552023556930295700e-02
7.314118089329663119e-02
8.971698714548656528e-02
8.874752007226648087e-02
8.351006324521603741e-02
7.424134673721756450e-02
6.601046762748810637e-02
7.181309356481205275e-02
7.298561216052336376e-02
8.487731168241929858e-02
7.127134452453770530e-02
7.396078636101517667e-02
7.591714958719220085e-02
8.205641647904855784e-02
8.201607042451652951e-02
7.710839911904619759e-02
8.632291706492997707e-02
7.413695152875304784e-02
7.476737612377824804e-02
6.744574308340850477e-02
7.382500539463883460e-02
6.803962152839380939e-02
7.473484040848454857e-02
7.643941109004714907e-02
7.681157479769788743e-02
7.783005819637070499e-02
7.093857424890812058e-02
7.268084091970519744e-02
7.663082217755233516e-02
6.817127776596440536e-02
8.072112544689494240e-02
6.805907931449728387e-02
7.502690789917364211e-02
7.058402817527201223e-02
6.936477766914027343e-02
6.593131974676620655e-02
7.833799552531539589e-02
6.774937431704841639e-02
7.753284413477376513e-02
6.971721983329413896e-02
7.736578894785270388e-02
7.755367346154642960e-02
6.929408019965879739e-02
7.090491931194858877e-02
6.625633982509607223e-02
6.778863070066648566e-02
6.999990475935879974e-02
6.558062224674350571e-02
6.300405360972373414e-02
6.784069006887644138e-02
5.523976278635876758e-02
6.885969236960881590e-02
6.910636821845431155e-02
6.317188721976049748e-02
7.022526935075731891e-02
7.003038684634213529e-02
7.341930100843524487e-02
7.989641045143663911e-02
7.176771772379839098e-02
8.810404389798009994e-02
7.144083808161141858e-02
7.390627309629776986e-02
8.017771215642000016e-02
7.780395248764362948e-02
9.415971647849327719e-02
9.737319817226121332e-02
9.223106197246490334e-02
7.088180092540133370e-02
7.235553963089616514e-02
7.471482167733581314e-02
7.243645324366129734e-02
7.094123758651649236e-02
6.967716364950890529e-02
6.214771032542609763e-02
6.240906145910702502e-02
7.338516780651063720e-02
6.221762108431271726e-02
6.727694087953728364e-02
6.622143611600567192e-02
6.330217527022483082e-02
6.518265503494108382e-02
6.072051277503937722e-02
5.103958184991412572e-02
5.827933015351574597e-02
5.065198858326667997e-02
5.574765229046924064e-02
7.173083044762912364e-02
7.235178920009813219e-02
7.915291098361562638e-02
7.240802435703688755e-02
7.011272411711569341e-02
8.123669917707188048e-02
6.832853703814673052e-02
7.630894222105713554e-02
6.255843699392306390e-02
5.710325571839301034e-02
6.379037684701421851e-02
5.951285589502596646e-02
6.434498504314292711e-02
8.727311582774377463e-02
1.058190330497032899e-01
9.013574836019523639e-02
7.858404032405424955e-02
8.671503348068089478e-02
9.597851274404202437e-02
9.328793085818765096e-02
1.088970746364778114e-01
1.070953133048419825e-01
9.338367898308633230e-02
8.175937283871426153e-02
6.563424841144378796e-02
7.474726842485496237e-02
8.926457429457490544e-02
7.756577462197902784e-02
7.187102597459744946e-02
7.170626441025974851e-02
7.637197121269750921e-02
7.274805901812941844e-02
7.421918816372535810e-02
7.318747843962609967e-02
8.286038719610015757e-02
8.468301304175682165e-02
9.857800548765877080e-02
9.059875009661934320e-02
1.031504134123235050e-01
1.026785448175053378e-01
1.080766190519013709e-01
1.142401129810516197e-01
1.063295372182721382e-01
9.681498001519309171e-02
1.103598047109788788e-01
1.157253066484883047e-01
8.415253184545773424e-02
8.726785325378180747e-02
9.450084955784399110e-02
8.795796050495156837e-02
9.848761957866655758e-02
1.013860507161433722e-01
8.922637190163609788e-02
8.989688038413601312e-02
8.183718017999155880e-02
8.787329321546952232e-02
9.236207550642284991e-02
8.657516320424826772e-02
8.948264081200134334e-02
9.239122985294982715e-02
7.999759386786865767e-02
7.411716021128804399e-02
7.340404182287210699e-02
7.285269437590027874e-02
7.864049463237468562e-02
7.915807986400449914e-02
6.939731601408541395e-02
7.890283343518890435e-02
7.200661896656991579e-02
7.023466311337006607e-02
7.226319660426056002e-02
8.305743829291001301e-02
7.673970282124573106e-02
9.108906154703669267e-02
7.827508394211205034e-02
8.208253520113037438e-02
6.901938763845866243e-02
7.826237685109535547e-02
6.124784569498762515e-02
6.413334084345372055e-02
7.179078458706850130e-02
7.965133425139325762e-02
6.043001786414275295e-02
7.401376228235932719e-02
7.023413912398676628e-02
7.940547915900797449e-02
5.822089894843178459e-02
6.702964846227515983e-02
6.975584349112060045e-02
9.831749394797142938e-02
9.880191865208784452e-02
9.972977767907562074e-02
8.218264974341468743e-02
7.479641783333235150e-02
9.319078240851511041e-02
8.692306844517608266e-02
6.834312299073289076e-02
7.450977166960653930e-02
8.071219143715080424e-02
