2.902749675410714603e-01
2.937888020777191245e-01
2.935933975464504742e-01
2.899491663206018033e-01
2.906689214714415770e-01
2.920926781266271477e-01
2.941610414962579356e-01
2.932340042301203042e-01
2.966117422642665091e-01
2.948746302981444800e-01
2.889051536155503030e-01
2.896655145667252906e-01
2.910546539998986604e-01
2.926668196267510624e-01
2.923844585665929530e-01
2.935681278533675553e-01
2.933355329590383587e-01
2.930858379210874443e-01
2.945969773438346651e-01
2.956168629127287617e-01
2.975401112339196019e-01
2.988273055517166044e-01
2.989309249652106204e-01
2.951143915989487554e-01
2.961558710016643503e-01
2.968554732112434480e-01
2.935495007270301770e-01
2.954671480387869864e-01
2.975617470620673388e-01
2.984041362219241322e-01
2.924277084742553101e-01
2.925541918898116323e-01
2.964960873955160836e-01
2.988336991619957028e-01
2.926104953224279437e-01
2.949016936095671393e-01
2.951487649790391354e-01
2.963557108172875654e-01
2.958715012928718191e-01
2.990118848902551529e-01
3.035248675160679976e-01
3.028732116716461586e-01
3.021145512643028108e-01
3.026863798177922282e-01
3.058649336673718855e-01
3.062595252124177270e-01
3.036044401848613239e-01
3.073488413754924542e-01
3.088522091978441741e-01
3.031436597363702523e-01
3.078247333351876724e-01
3.017898887548747799e-01
3.057925474252763953e-01
3.066542137831541615e-01
3.016227914823076395e-01
3.030558939503220084e-01
3.037174950081501512e-01
3.032084756747991383e-01
3.013313278910828563e-01
3.031527106261859283e-01
3.069044405719629776e-01
3.066422214178240457e-01
3.001606091030092349e-01
3.041179914299257936e-01
3.068694596039088784e-01
3.067778339546615163e-01
3.070904136744369017e-01
3.060136805069854082e-01
3.045745443625292870e-01
3.073214979615025433e-01
3.079370968440210410e-01
3.050047845973068439e-01
3.053966484701143846e-01
3.034924988470976137e-01
3.067901792971591268e-01
3.040337094300224474e-01
3.011344712395718215e-01
3.043490499763599200e-01
3.048844496809912652e-01
3.075928443273248103e-01
3.038267987747864662e-01
3.086070785770622660e-01
3.068373582502423869e-01
3.086497229826015154e-01
3.068365877273542264e-01
3.067784926773462484e-01
3.044969793691840731e-01
3.007347630090956292e-01
3.044847523860519933e-01
3.053067286251035517e-01
3.064183687158313907e-01
3.060755140856400436e-01
3.083871240426881988e-01
3.045849215773948071e-01
3.088352981456743418e-01
3.063230641204694460e-01
3.060619014838372731e-01
3.064687197467825808e-01
3.079781219557495842e-01
3.069530562912283767e-01
3.046878030888471311e-01
3.044879360295948412e-01
3.060283267870651525e-01
3.050838372704942070e-01
3.081721284236997871e-01
3.040290200428550360e-01
3.090545021120412184e-01
3.067369406751019323e-01
3.076043103889893882e-01
3.041812741682512478e-01
3.068776632693122064e-01
3.040823719156484639e-01
3.069930952682049519e-01
3.064961716183567386e-01
3.058552967390475441e-01
3.038878393531028177e-01
3.044993198550052238e-01
3.051265725626641778e-01
3.063474406117954185e-01
3.038399254795300930e-01
3.031678417185543206e-01
3.046007897819087429e-01
3.053826091201511939e-01
3.070232333887694676e-01
3.058616428672500387e-01
3.072845316357522005e-01
3.072462238062250162e-01
3.044869925569961833e-01
3.039854882517480927e-01
3.016255001920959966e-01
3.058245844094578114e-01
3.062309694722322728e-01
3.079277230827635048e-01
3.069972429185205964e-01
3.058016379498773585e-01
3.071359916652560695e-01
3.055136298474614431e-01
3.061366096701128026e-01
3.048310477950841868e-01
3.024118566459825796e-01
3.024748007906843394e-01
3.053097071650305860e-01
3.035126079087937523e-01
3.056110909502300910e-01
3.035085332668010505e-01
2.939714439779021471e-01
2.961297236031936175e-01
2.975729729522178513e-01
2.997301596584172056e-01
3.028505693410685762e-01
3.005303225662252498e-01
3.035813745421698240e-01
2.980471319589736434e-01
2.992674158714902499e-01
2.998538391321329821e-01
2.978798543107010754e-01
2.997691673750402241e-01
3.002382712970114720e-01
2.992354800385823022e-01
2.996747710069979642e-01
3.000943859995499063e-01
3.001398596259645113e-01
2.997898843811632741e-01
3.018363936032180117e-01
2.998660275848912260e-01
3.020558956376013793e-01
3.018006177607837071e-01
3.014658522581263878e-01
3.031063398279563170e-01
3.018083007787815131e-01
2.980478567238484811e-01
2.972141027642798417e-01
2.983640749194698127e-01
2.965966078870330147e-01
2.971263254600777781e-01
2.990195518013585296e-01
2.981140460755902222e-01
2.986784074789390342e-01
2.991005488812212842e-01
2.995069994589918405e-01
2.985768375467265923e-01
3.003634416105220861e-01
2.988272133364301975e-01
2.972134336276252564e-01
2.947515915731668268e-01
2.947827209180144403e-01
2.952720694744851992e-01
2.954947451432229921e-01
2.956733369967918246e-01
2.960617984785691714e-01
2.957940024559426728e-01
2.957953406102766802e-01
2.955546048483135291e-01
2.936007544189684904e-01
2.944719355592375631e-01
2.951230614557329157e-01
2.946937268071036509e-01
2.951149726181296340e-01
2.949693175004807766e-01
2.949959172926168161e-01
2.948667565206545826e-01
2.944825362487148435e-01
2.947742123599749742e-01
2.936793637127760870e-01
2.945035196448128612e-01
2.947837158633814236e-01
2.948150970283262562e-01
2.940130996919873563e-01
2.951599590515383009e-01
2.951469999558679613e-01
2.924161337069148270e-01
2.945276975072708137e-01
2.969263309914473847e-01
2.948821962221124249e-01
2.915847206084769550e-01
2.956090277251284260e-01
2.921534243642660567e-01
2.950103171954985282e-01
2.981178958140950908e-01
2.976336157867869314e-01
2.932942833734493160e-01
2.937296561296346975e-01
2.934292795703974388e-01
2.939336886791685810e-01
2.915852002211856142e-01
2.935911913101066362e-01
2.916253557748751390e-01
2.914311903110232693e-01
2.889453296371874425e-01
2.918330346991814261e-01
2.766612385178335298e-01
2.740481888972838842e-01
2.714817557355375666e-01
2.696144370530804135e-01
2.687037121278574858e-01
2.647950903240410270e-01
2.646051537366967965e-01
2.672956641838358793e-01
2.710224074935344563e-01
2.691682281844000046e-01
2.704082547578413598e-01
2.692200225561568461e-01
2.694058843651078727e-01
2.633588123533319170e-01
2.629417153563200493e-01
2.620460207424604171e-01
2.586623994330797816e-01
2.578294773409235963e-01
2.578841327095953706e-01
2.556773370744314100e-01
2.544419892654891102e-01
2.387447232550530263e-01
2.291928276728522618e-01
2.177096596922789007e-01
2.011562691770802935e-01
2.069886617855321020e-01
1.715590452678068811e-01
1.680778393807276783e-01
1.672740600032191494e-01
1.679503325489448140e-01
2.162094812777012320e-01
2.229670202564066339e-01
2.031991639827137597e-01
1.935801147384685339e-01
1.767408542510919833e-01
1.871856168335773174e-01
1.856407792833033588e-01
1.863376971824317052e-01
1.860375475476260532e-01
1.583967296653964740e-01
1.497300359064203945e-01
1.618389446214445471e-01
1.544483553437032697e-01
1.751249117385084986e-01
1.663405993845730180e-01
1.630520837978323700e-01
1.624003895156633237e-01
1.566894945431714092e-01
1.782806725245768553e-01
1.717229050877881469e-01
1.457971685684911756e-01
1.678618484515436438e-01
1.611237742122496042e-01
1.915061730239478455e-01
2.208148274400019151e-01
2.198361939956487432e-01
2.187345043847778725e-01
2.209802877368376439e-01
2.243540232274783275e-01
2.216648879139579420e-01
2.209099186751914690e-01
2.226415677794522929e-01
2.237487643072578747e-01
2.254083518907123440e-01
2.257201324475481830e-01
2.259657764788358114e-01
2.265935891843206540e-01
2.277895299732464185e-01
2.288620377164207742e-01
2.318620809724154241e-01
2.312785849365001922e-01
2.329125372477948985e-01
2.348251978884935975e-01
2.361320618253547887e-01
2.365848722486471600e-01
2.373345630062768108e-01
2.379534981535353366e-01
2.385286731683073647e-01
2.410182376533597515e-01
2.430491833844811433e-01
2.447451946404256840e-01
2.464081823049567854e-01
2.511080291797318509e-01
2.559596137048449904e-01
2.590079743718254335e-01
2.635040424989076868e-01
2.673552018501308414e-01
2.700354810368648106e-01
2.732900895390837359e-01
2.773554322306306386e-01
2.803911884789429543e-01
2.804186428507180473e-01
2.803148159614736734e-01
2.809069621705746478e-01
2.812742203816740449e-01
2.811398791759800453e-01
2.808390071973279056e-01
2.814983402929827072e-01
2.821112204822200376e-01
2.814752002505245265e-01
2.804873190005126027e-01
2.797691117002885086e-01
2.795478331720731013e-01
2.794822181699871955e-01
2.792486963640201658e-01
2.793552583960079438e-01
2.795663009656252918e-01
2.799489436854671887e-01
2.796486495842871456e-01
2.799621278288939585e-01
2.799450739610436223e-01
2.800296555792827213e-01
2.795393111707924483e-01
2.798017178490952439e-01
2.807708282510064102e-01
2.817865826580416844e-01
2.829157257292806982e-01
2.841186613921125037e-01
2.873914171546219087e-01
2.900519058967163666e-01
2.944505237411247922e-01
2.977286586943481139e-01
2.921433832326218449e-01
2.935088905140563198e-01
2.943846240123892399e-01
2.897548521915158104e-01
2.928533839802529015e-01
2.934634208312107417e-01
2.882425819412563484e-01
2.903888467579580079e-01
2.914173105226271487e-01
2.844221285129950316e-01
2.860574319134573940e-01
2.879082763482418428e-01
2.883903764589720864e-01
2.852738735687924687e-01
2.857160991898925473e-01
2.845428920182601629e-01
2.848615538501579336e-01
2.864525035434670186e-01
2.818672148335625294e-01
2.853423117349737637e-01
2.855602002228695979e-01
2.823008047588135283e-01
2.848744561392439478e-01
2.841381412599392475e-01
2.802586723883794817e-01
2.826553647550670845e-01
2.822717812755061728e-01
2.844850330265788485e-01
2.870676790905352660e-01
2.879580653136261659e-01
2.857291078761025616e-01
2.781349189150094658e-01
2.789886726968350827e-01
2.818441998897131540e-01
2.836222186792918820e-01
2.814324692573189624e-01
2.830359814793235729e-01
2.843924538618774478e-01
2.805852488132894451e-01
2.847092356918290990e-01
2.827377250927237129e-01
2.821442438735038416e-01
2.792943132663912587e-01
2.810365240877535364e-01
2.769777276823753853e-01
2.805490904003101749e-01
2.752167196383221714e-01
2.791862498605293119e-01
2.694197336588355363e-01
2.721036961798541931e-01
2.759834994727294877e-01
2.745695860862293891e-01
2.785885724495780202e-01
2.764861673274050524e-01
2.784435037080608133e-01
2.579181580339459101e-01
2.521090735798143800e-01
2.506601570604207740e-01
2.465535661839923232e-01
2.539135739992181562e-01
2.421886701583889079e-01
2.289587296864648569e-01
2.546607209827527196e-01
2.522314180685662488e-01
2.616321718934206397e-01
2.500127722341290437e-01
2.495343030338784129e-01
2.315542720738349436e-01
2.026921206250847096e-01
2.090952896073653977e-01
2.127355547264001001e-01
2.093409983809644270e-01
2.163824028093534746e-01
1.920240234450246164e-01
2.244076350712725931e-01
1.985656563208614001e-01
2.242334539133276072e-01
2.244371229775500298e-01
2.225226712680435648e-01
2.406930443062971214e-01
2.159818148542584360e-01
2.022214936693139120e-01
2.271308169811263600e-01
2.249890049572457751e-01
2.481631018616299589e-01
2.201786468147972076e-01
2.035602018365370580e-01
2.103013391749266048e-01
2.305472870499871152e-01
2.253086601990172688e-01
2.098430597044421975e-01
2.129584782687833910e-01
2.124554650603141248e-01
2.273550568206235967e-01
2.330860666594608555e-01
2.299912972710540793e-01
2.219188353398411917e-01
2.206981977246160187e-01
1.983958631900721858e-01
1.540083899090298192e-01
2.090929703763196867e-01
2.066555015896665848e-01
1.955840422724618999e-01
1.940776895159594673e-01
1.860106104318425824e-01
2.304581370892195835e-01
2.117572765604039953e-01
2.158634014890495889e-01
2.063885788948564837e-01
1.813293067964178440e-01
1.984169858132655562e-01
1.998842826204924039e-01
2.053950475254099906e-01
2.125851084780432110e-01
2.247139884247688624e-01
1.825788621341612461e-01
1.945941527478951827e-01
2.029311244829501149e-01
1.861435840656823493e-01
1.709922739751473242e-01
2.118388112071931118e-01
1.929668560519071374e-01
1.851349201694631463e-01
1.667157915539809188e-01
1.853700265493466448e-01
1.721702911118263013e-01
1.702469618861909284e-01
1.806418665672452351e-01
1.754979762124729836e-01
2.075390589488468884e-01
2.008122219610495862e-01
2.010631579476085395e-01
2.062457222074321472e-01
2.099160005749193258e-01
1.959471790212319875e-01
1.763325210790493147e-01
1.616191944246130885e-01
2.074373111579119189e-01
1.908830848683326364e-01
1.913338678863666376e-01
1.997359483500135147e-01
2.211101549607631944e-01
2.138624068978930426e-01
1.903802698040578667e-01
1.897555291229746088e-01
1.693665516256763759e-01
1.837366891160747140e-01
1.957999731908468544e-01
