2.471294354722660680e-01
2.484412122911194842e-01
2.479314963849006404e-01
2.468128118763285028e-01
2.463028731259342408e-01
2.463955143256058022e-01
2.461529213283952799e-01
2.460378358505010410e-01
2.465829662846487635e-01
2.452556949228607563e-01
2.425509981030109508e-01
2.427208891812688840e-01
2.437294590427531160e-01
2.445002307102289718e-01
2.435850642527248588e-01
2.444868429552956024e-01
2.435754235649186250e-01
2.433973545977026753e-01
2.444170427250740851e-01
2.448917318189090531e-01
2.453537659598338805e-01
2.471444374208218164e-01
2.473103445928259703e-01
2.475828123841452566e-01
2.469971906665264783e-01
2.478392670671851761e-01
2.470959983417690409e-01
2.469753000596952575e-01
2.455071517884803711e-01
2.442759550436690574e-01
2.424878118533290716e-01
2.426050341275133859e-01
2.451605515214865250e-01
2.442659247931034949e-01
2.426269368157299433e-01
2.441287842632166027e-01
2.434751654866206261e-01
2.452219374426706233e-01
2.467692670081534922e-01
2.455659359868379576e-01
2.454387683778579410e-01
2.432599439616526249e-01
2.427058240400358224e-01
2.439897101403287749e-01
2.445862926804013293e-01
2.444143785654543377e-01
2.462359005956952229e-01
2.453470646477055039e-01
2.432254493122510963e-01
2.442506594669559550e-01
2.427506319321420802e-01
2.446866450599138321e-01
2.441180017075222919e-01
2.436279897514052051e-01
2.437940095832001886e-01
2.447837790058312590e-01
2.459102912636009775e-01
2.470037602935118981e-01
2.464219023034840417e-01
2.457296886337755337e-01
2.443974114790873342e-01
2.442257892440576894e-01
2.453744702617079443e-01
2.449230380426563047e-01
2.449627079180228817e-01
2.435228700750141639e-01
2.433784332598517564e-01
2.432895081977896612e-01
2.447876121481041833e-01
2.451117927135894048e-01
2.434892740451343185e-01
2.437897964351688485e-01
2.451160140925477959e-01
2.457974913539712203e-01
2.450918805985676796e-01
2.455845574926226460e-01
2.454150272955068490e-01
2.455707858492807705e-01
2.466742519774126619e-01
2.444522330061883464e-01
2.432099505257376282e-01
2.424837864104804064e-01
2.436541223249716337e-01
2.427599642870629237e-01
2.440276557416602432e-01
2.455711783801345360e-01
2.444096246100454506e-01
2.440282391427210373e-01
2.443943906906717589e-01
2.453731908775463877e-01
2.446725947114484212e-01
2.454310261444899721e-01
2.436551112804065111e-01
2.443843450843125598e-01
2.432856459255273718e-01
2.430387927710054852e-01
2.450983272045725303e-01
2.456518329969296088e-01
2.448962937104280924e-01
2.443673214926204151e-01
2.457287897055941417e-01
2.456242477854740924e-01
2.449124694338699615e-01
2.453439102824742646e-01
2.441536133916198947e-01
2.442750411270246391e-01
2.431234687575053455e-01
2.429512825029743750e-01
2.438310925430070553e-01
2.439676603813715761e-01
2.434935310851525925e-01
2.445416534476412829e-01
2.443879892914433138e-01
2.444418245108758991e-01
2.437261225941151632e-01
2.448938596548946856e-01
2.450032259980512162e-01
2.441868935993520562e-01
2.450094545852048167e-01
2.443801422903002230e-01
2.454396786324546109e-01
2.438832595796507074e-01
2.453915850210146299e-01
2.449376227728973232e-01
2.447674946000572005e-01
2.449241459220158346e-01
2.439061588751084697e-01
2.432353270256609745e-01
2.450552897138206232e-01
2.446741509669429493e-01
2.446435559169114482e-01
2.449903369311979828e-01
2.446378969346935106e-01
2.450563826088111297e-01
2.452810562766555291e-01
2.451797394800107055e-01
2.447649760386977347e-01
2.443710894843772463e-01
2.442153825196439199e-01
2.440633696031565547e-01
2.447571777603336218e-01
2.456701945836707590e-01
2.446608412188872594e-01
2.453370366908879940e-01
2.445466172518886150e-01
2.453687658075983102e-01
2.454372720440010647e-01
2.455452434851400079e-01
2.452474094113772929e-01
2.453473338480202937e-01
2.453279037370071358e-01
2.456861440580164480e-01
2.452634550954831405e-01
2.452529839049480409e-01
2.453587347094876303e-01
2.452168770262238007e-01
2.449491398974719680e-01
2.461887602400915920e-01
2.466243595085766127e-01
2.466659105557378051e-01
2.463704417045742001e-01
2.462245735655310408e-01
2.448264070189802577e-01
2.465356812481227233e-01
2.454902529041196879e-01
2.466015281802251546e-01
2.471514786422981114e-01
2.460248445140573448e-01
2.467898683644202673e-01
2.467940719766270330e-01
2.460517166687063717e-01
2.462112410321429246e-01
2.462271916024187657e-01
2.463881572350606342e-01
2.464824252570002039e-01
2.469629194788362792e-01
2.473226035146931234e-01
2.464411598837054906e-01
2.479360916404298176e-01
2.476978649713041658e-01
2.466702195972634848e-01
2.476204201736786625e-01
2.478547725424855297e-01
2.481662516456603906e-01
2.477027234967758840e-01
2.471778804019672815e-01
2.472129397628927971e-01
2.476035166521237396e-01
2.476576024468963577e-01
2.471925173754138949e-01
2.471270509311130348e-01
2.472093234218741553e-01
2.470246974799015782e-01
2.468937001954150667e-01
2.466582100839792013e-01
2.470529160605005881e-01
2.474663363841395902e-01
2.471887355109070039e-01
2.467053717691674586e-01
2.472660702171547153e-01
2.467691730910141767e-01
2.466113900850364637e-01
2.470106979010220083e-01
2.468840975891458123e-01
2.466587422597972812e-01
2.467687173666495704e-01
2.474555497426431383e-01
2.470060081461729617e-01
2.479653015216067569e-01
2.470462564720042331e-01
2.473431208857169161e-01
2.472252423926880049e-01
2.473851703732529994e-01
2.469654370775065666e-01
2.466423080513782673e-01
2.465984913415018576e-01
2.461533597224848102e-01
2.464111400042734157e-01
2.478089622763841315e-01
2.485568920417231265e-01
2.468493151986772272e-01
2.481498920249018691e-01
2.465747960409212236e-01
2.474109434087845560e-01
2.459264639774124128e-01
2.468288549809936061e-01
2.468358226872064964e-01
2.452782225152427831e-01
2.446558593146515026e-01
2.416452766536597019e-01
2.456892255317801310e-01
2.448411260372471143e-01
2.437600163982300283e-01
2.426374725971275903e-01
2.426506394566415870e-01
2.396421778145025050e-01
2.386908451115771490e-01
2.378601741747287113e-01
2.348515389150532817e-01
2.336658520174380860e-01
2.340223689026145470e-01
2.373512159129943788e-01
2.346727093248403284e-01
2.357486650144976770e-01
2.338987012295631607e-01
2.329968409922996975e-01
2.349092888340321983e-01
2.335005486050266976e-01
2.310656734022712433e-01
2.286167835987810426e-01
2.253436768704407123e-01
2.318273724621096599e-01
2.252355280303202645e-01
2.315704725130632857e-01
2.222892201189740069e-01
2.167565489555865477e-01
2.065008505811153361e-01
2.081005105298655011e-01
2.090640998408203888e-01
2.017122656989621954e-01
2.055293062330855736e-01
2.086502385348120714e-01
2.044702754933604705e-01
2.149897860125082882e-01
2.047108188936581363e-01
1.942717000293335272e-01
1.936338022861157637e-01
2.030882811168653879e-01
2.080353233991516504e-01
1.978075394864090009e-01
1.921567419918302766e-01
2.034139456436067639e-01
2.024208362843013531e-01
2.139199601451917121e-01
2.084651235393864543e-01
2.055029066591906872e-01
2.043046048257503855e-01
1.942561352134047348e-01
2.074265011439899442e-01
2.048518457065146847e-01
1.944829234136458418e-01
1.976009234388242664e-01
1.925544898469030430e-01
1.945312728627855425e-01
2.054637638314208425e-01
2.076224700349605379e-01
2.099612582487800361e-01
2.121340850594587435e-01
2.148321937631415823e-01
2.145917453755835924e-01
2.145012183272594630e-01
2.167900385097165927e-01
2.171350525660209752e-01
2.190360285847486876e-01
2.197548111556056893e-01
2.204336356874659897e-01
2.211344909549296800e-01
2.215877848409689987e-01
2.219053226229078801e-01
2.243478215612157156e-01
2.237390554762640760e-01
2.249966136412439310e-01
2.264499423304621173e-01
2.279050890509516647e-01
2.282868736302982038e-01
2.285894828802549350e-01
2.290063190422392536e-01
2.293879393074552964e-01
2.283771535550135623e-01
2.278446788124005862e-01
2.275053587519527964e-01
2.276794849953464595e-01
2.292045848747402692e-01
2.315513786808024443e-01
2.329884245588865199e-01
2.354263065251026021e-01
2.371897929549114381e-01
2.380296063027301234e-01
2.391635820461444628e-01
2.403731413967718500e-01
2.400905375538277542e-01
2.407929627877311574e-01
2.407150653929638895e-01
2.411749796646509014e-01
2.412971371021958578e-01
2.416775877452383425e-01
2.415030426431476474e-01
2.415014137099424363e-01
2.415717592224828070e-01
2.414506510074422851e-01
2.415253193402568388e-01
2.414767671916015490e-01
2.412742707091856675e-01
2.412130543961429896e-01
2.411234095706495384e-01
2.411508305644238237e-01
2.412956318766409924e-01
2.415511818102677455e-01
2.413879945915359815e-01
2.413192813427704198e-01
2.414467057732727073e-01
2.421127574506717894e-01
2.423734739203828314e-01
2.422412195355027609e-01
2.424681760243620476e-01
2.429998152814951129e-01
2.440219049052975708e-01
2.445064417243244248e-01
2.461968629349776394e-01
2.466527631377012086e-01
2.478118093100737107e-01
2.493181115370451673e-01
2.475055802275481776e-01
2.494838971757734336e-01
2.494123779353093207e-01
2.482780704150489848e-01
2.491633275068441955e-01
2.491696653011193641e-01
2.473751402727747128e-01
2.475977975538033726e-01
2.480476385868631561e-01
2.465436151457800207e-01
2.470668797170367526e-01
2.472204358257079349e-01
2.468249618666198131e-01
2.455053313922812286e-01
2.461025802203965496e-01
2.463557966350129191e-01
2.456077136668830263e-01
2.456022896717530157e-01
2.447841636408173427e-01
2.459192111100508837e-01
2.455329242204714602e-01
2.451313006399703509e-01
2.457885726321381581e-01
2.451770855066132127e-01
2.448492620294490107e-01
2.456866211121012666e-01
2.447932548051664492e-01
2.450817523345011351e-01
2.456436795657753747e-01
2.461460359565683376e-01
2.454545761709158169e-01
2.437755338843669017e-01
2.436357606372109297e-01
2.445697488699368760e-01
2.452191319007414050e-01
2.442669533647875424e-01
2.451683433266697021e-01
2.449377861980809312e-01
2.441705607584497839e-01
2.454467649097312743e-01
2.444171383153860289e-01
2.467000311975202920e-01
2.466089671553395590e-01
2.467798395538243483e-01
2.445856948397491792e-01
2.456268724141641713e-01
2.455754588826389306e-01
2.464284362808726869e-01
2.468233053947537781e-01
2.467645574075854609e-01
2.494365613554024308e-01
2.486816191909410334e-01
2.513969719173955175e-01
2.477715427091788103e-01
2.486128770853973935e-01
2.540817504882432187e-01
2.529023514599691991e-01
2.516395956829929892e-01
2.413774143487224522e-01
2.368508030796562247e-01
2.342407220786341671e-01
2.228679269784194505e-01
2.372113502003037333e-01
2.421937261586786239e-01
2.427599435389986016e-01
2.386741431922559387e-01
2.401560578506120591e-01
2.311943639642504156e-01
2.184889719959126342e-01
2.181523367313165096e-01
2.201202756029214669e-01
2.107709451971320480e-01
2.203429558405247679e-01
2.041763148137991646e-01
2.321076616199107268e-01
2.190780802908469105e-01
2.325193423452993347e-01
2.311379618944531533e-01
2.327312484916852497e-01
2.305373196044762096e-01
2.181166027249444861e-01
2.139625330728981978e-01
2.325370015522215672e-01
2.286772799316907911e-01
2.402596922476235575e-01
2.281519130040043086e-01
2.209120394204296678e-01
2.224482064823783967e-01
2.282703209683887846e-01
2.274211502402486706e-01
2.327429582718726631e-01
2.270178620093583621e-01
2.135014242079553148e-01
2.272045542473902779e-01
2.291076629944849841e-01
2.302215190066103090e-01
2.316388792960102916e-01
2.249439762945251997e-01
2.074333016144995490e-01
2.018934150562347318e-01
2.054625334094722922e-01
2.050669495472509929e-01
2.115020570471773109e-01
2.217474893022283178e-01
2.109897769108314836e-01
2.321021327850594784e-01
2.222812085958885686e-01
2.300084130606599164e-01
2.334109116292112374e-01
2.191370138714610616e-01
2.272377489681872975e-01
2.246487400636084930e-01
2.278236050001964663e-01
2.228937479977399494e-01
2.231968939577204381e-01
2.078358910071468058e-01
2.119538844386580634e-01
2.234694961373268618e-01
2.196688444854129896e-01
2.110619741550864015e-01
2.079600734000841555e-01
2.195434769685740695e-01
2.125841441192406478e-01
2.029489254777927798e-01
2.127025573788367263e-01
2.166544227563670655e-01
2.107757601610679155e-01
2.188916129227056750e-01
2.166888528142453807e-01
2.249600415677766585e-01
2.266317071779683778e-01
2.272847513312643009e-01
2.284234678575979283e-01
2.325289823163027014e-01
2.201597480067855050e-01
2.202346656656070101e-01
2.141205694933686343e-01
2.260478936513917458e-01
2.185419398237079258e-01
2.174365227151571767e-01
2.265440714417487067e-01
2.269914583940494668e-01
2.122448956710226708e-01
2.179195159768839984e-01
2.183388913134300391e-01
2.056927283859552036e-01
2.198424026083623806e-01
2.238151899242343257e-01
