2.201605122030443340e-01
2.093507697689609426e-01
2.119107960450412054e-01
2.215363962558670186e-01
2.196776286421290858e-01
2.174192106092580623e-01
2.223619697145104435e-01
2.178572857868676937e-01
2.257950101051211522e-01
2.358559965966533500e-01
2.376943431935235884e-01
2.360758847124619086e-01
2.348112218023749587e-01
2.299879204400420707e-01
2.330711639777726663e-01
2.325800150277237133e-01
2.328390987903001252e-01
2.314542858992533758e-01
2.276616423139964929e-01
2.212763872259417008e-01
2.188179406405328375e-01
2.271429758777816499e-01
2.186348243718046203e-01
2.166538496964331151e-01
2.132161573959869272e-01
2.152682812255109490e-01
2.149687528513759827e-01
2.143657538726565503e-01
2.156726433721466163e-01
2.230745017754999782e-01
2.230435468593391646e-01
2.294815257311599299e-01
2.212867747352901815e-01
2.183494623554906311e-01
2.294540679602041500e-01
2.262649683724614613e-01
2.246051878331672969e-01
2.269655228459487306e-01
2.257269352393080353e-01
2.293415897791504787e-01
2.240403151392366954e-01
2.097204862109844636e-01
2.259241293817156604e-01
2.237335186804246534e-01
2.212639394150444916e-01
2.202688806595377302e-01
2.190777559702526689e-01
2.172686309971739449e-01
2.225230623010885644e-01
2.206974470024601342e-01
2.208963128167429346e-01
2.229445497745792815e-01
2.254182130653859251e-01
2.322129518441940210e-01
2.326348424611566490e-01
2.324437867095504040e-01
2.323182584713137377e-01
2.310064822085038660e-01
2.323317898934689485e-01
2.324912824141207868e-01
2.371198375871564623e-01
2.362471224591310148e-01
2.334351105777706104e-01
2.286057913613966652e-01
2.252758267807025150e-01
2.207297853443416780e-01
2.217231029610953474e-01
2.110139542202036922e-01
2.103166656325870520e-01
2.175273147904602244e-01
2.117299949500934808e-01
2.116753534548241888e-01
2.103961597641321735e-01
2.107045688481596901e-01
2.152498139171914460e-01
2.098241129659016435e-01
2.010262787761837033e-01
2.095307955764725838e-01
2.131298485283445454e-01
2.114903173311551976e-01
2.144443572749176741e-01
2.169378318339096612e-01
2.211799565838174775e-01
2.221877838431493835e-01
2.237602046434279124e-01
2.275892568705888963e-01
2.300293446453486323e-01
2.312777434333606608e-01
2.314330144943364531e-01
2.324408001257092793e-01
2.303615166672666192e-01
2.323525849412525213e-01
2.337221437595797258e-01
2.347844825604388230e-01
2.354412626232933459e-01
2.362995778817766901e-01
2.365921472252900115e-01
2.373253341452927767e-01
2.379886447966546026e-01
2.388109695735456395e-01
2.389335044105770633e-01
2.406281136619234096e-01
2.411609427118398818e-01
2.408275140837221051e-01
2.410837052397626912e-01
2.409527872818588157e-01
2.399283111830671777e-01
2.398578270808146562e-01
2.398966753157227294e-01
2.406377250776502996e-01
2.399064949183756790e-01
2.403328569523527358e-01
2.408139762453519461e-01
2.429961878267367092e-01
2.463630332953842816e-01
2.482406916128100938e-01
2.484908044265838334e-01
2.474663765783051139e-01
2.481331508465162705e-01
2.481599352317433449e-01
2.484789271106281894e-01
2.483655875570919824e-01
2.485552636603104992e-01
2.479708298816055978e-01
2.469953392646319634e-01
2.468715470853938831e-01
2.461001466476235300e-01
2.461331926182909746e-01
2.457333491888137877e-01
2.454922656256174895e-01
2.450292487969280564e-01
2.443064893282805849e-01
2.443321696595747716e-01
2.441703318986045423e-01
2.442782009814688515e-01
2.438983438902858070e-01
2.436879879995246800e-01
2.440253464567974651e-01
2.448450671893767638e-01
2.446566211046839190e-01
2.442183474517942987e-01
2.462733185725365648e-01
2.454417964204249902e-01
2.443197902230050123e-01
2.434986169114264076e-01
2.448649140297450011e-01
2.446732257578654313e-01
2.432246886330498015e-01
2.431219680379375914e-01
2.391757171003495441e-01
2.214106306374369337e-01
2.176493498002931848e-01
2.164828575315979053e-01
2.260606742977946670e-01
2.236921406080835117e-01
2.141700514311397907e-01
2.163711593140223988e-01
2.145957712127499195e-01
2.139308473004609135e-01
2.203889665587018265e-01
2.072139132904863845e-01
2.066833817459729772e-01
2.065581119470250582e-01
2.049083788785505678e-01
2.077579054407439341e-01
2.045107571259319468e-01
2.154592571914359100e-01
2.074561382664015241e-01
2.089197885665399212e-01
2.155108734566519857e-01
2.161115080338167627e-01
2.204212607354974207e-01
2.210278265263012909e-01
2.236570683239977597e-01
2.234775803413202311e-01
2.214000731223921548e-01
2.204293654690689663e-01
2.171367873256719871e-01
2.331519584899985897e-01
2.260405622496370892e-01
2.181717967710035122e-01
2.166917509862293922e-01
2.314938935910511031e-01
2.329246788604810159e-01
2.283209773472669735e-01
2.170184373080203399e-01
2.221060033315656601e-01
2.211637951400146074e-01
2.251573522839270536e-01
2.272912526232682695e-01
2.221190473547556554e-01
2.215491270482914388e-01
2.278100687464690577e-01
2.276923297678810354e-01
2.289704538562143399e-01
2.329055350001505986e-01
2.307816923640127471e-01
2.308268549077690523e-01
2.327466986636430868e-01
2.377361599240372381e-01
2.394627008782605482e-01
2.399124569167667143e-01
2.410218434754766714e-01
2.415439376330083543e-01
2.420663638197708134e-01
2.432796233654641038e-01
2.436812864901127251e-01
2.447697346895380544e-01
2.461161590865017512e-01
2.474633724142918378e-01
2.481141460772746665e-01
2.488391181265583452e-01
2.499947655389003487e-01
2.505123626311315244e-01
2.515016449938839438e-01
2.522613536191055106e-01
2.539321354967977173e-01
2.552659496447812204e-01
2.560789488148501603e-01
2.565867778381133446e-01
2.569061318305534414e-01
2.579418514868819789e-01
2.571560530150543977e-01
2.551083238695662780e-01
2.564923244490581178e-01
2.580384240844949550e-01
2.590360791081337544e-01
2.592455147240769753e-01
2.583741100283313274e-01
2.564950445423829217e-01
2.576120444613715366e-01
2.587250016361294369e-01
2.592201113077762242e-01
2.578938597423884316e-01
2.586418141488947553e-01
2.583564544668560670e-01
2.590832259823300232e-01
2.586506967235228105e-01
2.580170647482892266e-01
2.582896163246813925e-01
2.584698308604648220e-01
2.590168894038261671e-01
2.585481790046079142e-01
2.583952518724591529e-01
2.577555856554473168e-01
2.585833018696367391e-01
2.567535091542386683e-01
2.586704645567597938e-01
2.584083599643937079e-01
2.569333416730633646e-01
2.566384381833605177e-01
2.559993190374162397e-01
2.545882919038156000e-01
2.549554446252740858e-01
2.538019632041842444e-01
2.545567676955916570e-01
2.535105279678832035e-01
2.536772172327986796e-01
2.518511873429989389e-01
2.521258412960564188e-01
2.528460844417869113e-01
2.517919528203284019e-01
2.518586723215961998e-01
2.513362640468771447e-01
2.512895867883530032e-01
2.513255499500887113e-01
2.517576340112320787e-01
2.518573031537717499e-01
2.534149756423075273e-01
2.547415953871469130e-01
2.545267096909121785e-01
2.538542524573351722e-01
2.542048033767868587e-01
2.530617019745663443e-01
2.533199800762993004e-01
2.545879703469627886e-01
2.537324191351116864e-01
2.543581788521597220e-01
2.533468039363249158e-01
2.539057878496250309e-01
2.553179255650112056e-01
2.542732623868478870e-01
2.537683155831372828e-01
2.551610424064866267e-01
2.538926692199102719e-01
2.532434285420795961e-01
2.533511486860554607e-01
2.550086928662286256e-01
2.547774427873484848e-01
2.557655533995576436e-01
2.544741457012397179e-01
2.550246478625713964e-01
2.548089265623066924e-01
2.545434050329068443e-01
2.544157165951920208e-01
2.540810061302990475e-01
2.555069146341130137e-01
2.544311482945785796e-01
2.545768825124260504e-01
2.542034794054207625e-01
2.553690946900833980e-01
2.555426488091042669e-01
2.559733084384580026e-01
2.564181880937111968e-01
2.573849392864550056e-01
2.562495118689873674e-01
2.558869603866488207e-01
2.550827840767643240e-01
2.556195539980073983e-01
2.548386069141789223e-01
2.553028326796045189e-01
2.545624767979360881e-01
2.555030642255379236e-01
2.559098614731637467e-01
2.561583287481780102e-01
2.568919158105719136e-01
2.564479604718364891e-01
2.564133297381677723e-01
2.568484175847415285e-01
2.566108882809904346e-01
2.562503733705644438e-01
2.556627187571293147e-01
2.555931271443815378e-01
2.549998805322722939e-01
2.550106504479926484e-01
2.545297466311940981e-01
2.539639068976403680e-01
2.539392165435291338e-01
2.539925565460585677e-01
2.535223015509397992e-01
2.545518996338959061e-01
2.564734678784994504e-01
2.553416693297474449e-01
2.562291581438735921e-01
2.560970936454320945e-01
2.563547482445251990e-01
2.566238041371839973e-01
2.553237100540686200e-01
2.562009718153099858e-01
2.558237330515946706e-01
2.559357582608250414e-01
2.560834465838930374e-01
2.564009177595667488e-01
2.564357093220510642e-01
2.560322684184290765e-01
2.554971834238071171e-01
2.559408599209578306e-01
2.557897819279619789e-01
2.558452298531618263e-01
2.557397101778177140e-01
2.557498604628503092e-01
2.558832191579037962e-01
2.557543286261151350e-01
2.564743723131593933e-01
2.562960703906990156e-01
2.570976351311927699e-01
2.564444196572893686e-01
2.562835820129928388e-01
2.563085668870096478e-01
2.562260102785857141e-01
2.561624767112861134e-01
2.554650844803015852e-01
2.554827872276016487e-01
2.557235429325098730e-01
2.578022007823691508e-01
2.567825585896296170e-01
2.581730216355661023e-01
2.585829761892072254e-01
2.587271816018600346e-01
2.583464918165717661e-01
2.600459683703392200e-01
2.589583635038297804e-01
2.592481902074340594e-01
2.588560912669161107e-01
2.589814939203350930e-01
2.579352953754275868e-01
2.581789308484695455e-01
2.585802230354766751e-01
2.596353842661011102e-01
2.595388259867433822e-01
2.582630879841582017e-01
2.590800227989512594e-01
2.602468730876063008e-01
2.614105726888794612e-01
2.612319364552661005e-01
2.621096638967700398e-01
2.626223418089538297e-01
2.608012419129480675e-01
2.619824877160737975e-01
2.639161742740782080e-01
2.642480285778291416e-01
2.621376950575794451e-01
2.623814923283206424e-01
2.583472193717805121e-01
2.595007447619138707e-01
2.596602909144197779e-01
2.609693216754366274e-01
2.577474201038584267e-01
2.578353039805335589e-01
2.574530647581995124e-01
2.569582733241696504e-01
2.568441555260577713e-01
2.573312409390439148e-01
2.579133941164110100e-01
2.589739162384995241e-01
2.591654590808104563e-01
2.590520656679075051e-01
2.571227258577442054e-01
2.581526494084599443e-01
2.545044855689363450e-01
2.558146388412595451e-01
2.562630803757045550e-01
2.563518201118772932e-01
2.552326923179245588e-01
2.561327481771010772e-01
2.567770654127642382e-01
2.565942754738742559e-01
2.555553684842839512e-01
2.571628600638182771e-01
2.580043091502834951e-01
2.533207081785748271e-01
2.540022835430248982e-01
2.549688796596460971e-01
2.550919251620122896e-01
2.551478398924813540e-01
2.556161992295533647e-01
2.558625276427826112e-01
2.563007497583043026e-01
2.578856890263983015e-01
2.569044644726055093e-01
2.578831190522128392e-01
2.584643219932336589e-01
2.575765404749750243e-01
2.585385495379346477e-01
2.591840966720615480e-01
2.583612217079467310e-01
2.571797339924619674e-01
2.556132463045854841e-01
2.561093064410220332e-01
2.562782629258507638e-01
2.565142203311608915e-01
2.555928878832730566e-01
2.526434160836283915e-01
2.529352038563323357e-01
2.534034537022819000e-01
2.529874196001820064e-01
2.550301670756643380e-01
2.549787133772032921e-01
2.539565122807908581e-01
2.539502295912882124e-01
2.539683188617857246e-01
2.539866545323604674e-01
2.545002593578084005e-01
2.553655237245550103e-01
2.557099120551867832e-01
2.558493492465515606e-01
2.547986915657304285e-01
2.523088259506154341e-01
2.519137254313024155e-01
2.518644797582960670e-01
2.525283515256775413e-01
2.522326147277114128e-01
2.515695328138018994e-01
2.519677699832885143e-01
2.518383613647861008e-01
2.529238061055134601e-01
2.530797286455823691e-01
2.519391153361214553e-01
2.508066118990465165e-01
2.522939246387753132e-01
2.518950548293383829e-01
2.517577401004417736e-01
2.524493808279996698e-01
2.519981795335181629e-01
2.519652447708961018e-01
2.517691209287690191e-01
2.526541403193743873e-01
2.528236028824960568e-01
2.525947590413818444e-01
2.527084598004718519e-01
2.526009052345227213e-01
2.528633511884447183e-01
2.529622537987062936e-01
2.533233877790577182e-01
2.520870813377887876e-01
2.521694266673432105e-01
2.505498083715394508e-01
2.506339864819160379e-01
2.506700632823999353e-01
2.508717593767760823e-01
2.514116294579263888e-01
2.525076293316953491e-01
2.511755343998748335e-01
2.525809456317130719e-01
2.530547415864031757e-01
2.527415912926255226e-01
2.523190977363020115e-01
2.532839758803003827e-01
2.543476936177523351e-01
2.537293874685365713e-01
