3.302373580590056146e-01
3.304712591879590544e-01
3.305408543751438000e-01
3.308159957678492580e-01
3.307771820775968208e-01
3.307526803016220263e-01
3.308681323700548571e-01
3.309668907539604632e-01
3.310275291587352897e-01
3.310926626916488313e-01
3.314690495762799838e-01
3.318181273074881643e-01
3.318961079058062036e-01
3.319609394660076873e-01
3.323870802415914705e-01
3.322683352837244586e-01
3.324049903671461026e-01
3.329340035697492262e-01
3.331097383383855859e-01
3.331263428396715187e-01
3.333368486274237985e-01
3.333279091056546850e-01
3.334448350501540981e-01
3.334699257393443639e-01
3.337038797598197437e-01
3.337188441290095398e-01
3.339378965781096831e-01
3.339037883097920600e-01
3.341569267752793615e-01
3.340265512969092798e-01
3.341526404049182108e-01
3.342504669392844519e-01
3.343123984023342876e-01
3.341097375331459896e-01
3.342445889203314868e-01
3.342920705793125391e-01
3.342780690247143527e-01
3.341292843017854008e-01
3.335866491430405922e-01
3.337153719416963704e-01
3.339787237130215636e-01
3.338859292026674641e-01
3.333999938317208644e-01
3.331040279759648337e-01
3.330147868635249253e-01
3.330274357551984421e-01
3.330229511304382273e-01
3.329257324314011668e-01
3.330877792920069469e-01
3.334540923580928684e-01
3.329928867054229302e-01
3.329280130590869247e-01
3.326404531444198676e-01
3.327512319860226331e-01
3.330468943599070308e-01
3.331243510476004088e-01
3.328398415213094097e-01
3.324425416201755024e-01
3.326055760855433086e-01
3.325900735805988884e-01
3.321248596188635660e-01
3.319176215751198367e-01
3.321329066297751820e-01
3.317307421715958160e-01
3.316020546026700044e-01
3.319010320649958823e-01
3.310515975669738875e-01
3.308247175571756293e-01
3.304688939286587468e-01
3.306370743082971964e-01
3.303164793618682538e-01
3.303601041187848031e-01
3.306402784559786534e-01
3.300647605362901915e-01
3.302580833887384104e-01
3.302085562630101556e-01
3.302205954211675509e-01
3.301135595345798812e-01
3.299309016561585706e-01
3.293149807497026682e-01
3.289291866624748373e-01
3.288695531981122855e-01
3.282791132996487060e-01
3.280063388050127315e-01
3.278811856669750502e-01
3.279740086469110638e-01
3.276318487407072766e-01
3.275743102080233005e-01
3.266087803633718201e-01
3.266194623091233651e-01
3.261437277999392759e-01
3.260313958441668492e-01
3.254599631748244515e-01
3.249974527172404537e-01
3.243892120425316272e-01
3.243502092886690891e-01
3.242500971626610107e-01
3.238393438150529713e-01
3.241612924217057712e-01
3.233795671538118310e-01
3.220855045820225637e-01
3.218394268748123732e-01
3.216528600082214639e-01
3.207472775667747911e-01
3.205850334217592579e-01
3.201905998133335873e-01
3.197950694710252617e-01
3.192587886119600538e-01
3.192140462508722409e-01
3.189522580589193579e-01
3.186812896113246918e-01
3.184630194213549648e-01
3.182095374314982683e-01
3.176081836319537000e-01
3.174621918160311362e-01
3.171199511430445317e-01
3.160520835703661269e-01
3.152263145447725678e-01
3.145098858236837769e-01
3.133942807333570668e-01
3.135024330731450704e-01
3.130637740408130920e-01
3.129311100577372162e-01
3.114456547932181740e-01
3.110185430397547357e-01
3.109326878032782626e-01
3.104935561243485909e-01
3.102827842765233934e-01
3.098412881684760589e-01
3.090398347118555322e-01
3.081345664953606400e-01
3.073340796891899651e-01
3.066347046511672669e-01
3.063677071452937106e-01
3.063114299485889536e-01
3.056490567754076015e-01
3.047200431000998133e-01
3.033071365721157209e-01
3.018224327929194262e-01
3.015413006998993728e-01
3.011093347480455207e-01
3.007619009303775792e-01
2.990003570292218971e-01
2.986668561423128643e-01
2.978024990965123520e-01
2.971342784800309333e-01
2.964206392587442895e-01
2.958947161384992142e-01
2.951843542987392377e-01
2.949287290723881516e-01
2.936181544999673099e-01
2.934147725489222314e-01
2.928977652935061959e-01
2.925328511886935989e-01
2.909015460321513480e-01
2.909023899688992776e-01
2.899517803827953433e-01
2.879407182155742095e-01
2.857495905659411806e-01
2.831725101975423597e-01
2.820721278836182400e-01
2.797123856301109157e-01
2.784936756548940240e-01
2.769061665022595209e-01
2.753556835024270066e-01
2.731297640297366547e-01
2.708489685865644314e-01
2.700199720142846260e-01
2.646698340867547072e-01
2.617095611078470441e-01
2.579588654888725907e-01
2.569732904848147648e-01
2.540165537561721032e-01
2.528492957226435855e-01
2.532416421198199208e-01
2.514512297279540842e-01
2.542146095308603915e-01
2.512352165381017688e-01
2.492353998834874740e-01
2.432937559604371747e-01
2.389659085503972324e-01
2.378035351697533328e-01
2.337171349169633594e-01
2.211005322818742624e-01
2.218228677895576761e-01
2.214251280328980442e-01
2.190243121791470848e-01
2.180823528100275244e-01
2.212184215973377333e-01
2.171804383768428659e-01
2.091792644364769693e-01
2.078888730887186176e-01
1.997055157664879843e-01
1.974272439249722955e-01
2.038866969250360817e-01
2.034348673965301890e-01
2.067311944471526830e-01
2.090933295924597424e-01
2.100234170517422116e-01
2.069188763848398005e-01
2.191577312074592110e-01
2.105107852834927629e-01
2.034931254233202091e-01
2.013861013854673088e-01
2.021481914504069111e-01
2.016227842686381388e-01
2.036361435317151081e-01
2.010551533046400774e-01
2.045344252946859620e-01
2.060650934644724930e-01
1.993510618523068878e-01
2.097894040351885314e-01
2.118664875531223735e-01
2.190070607943797598e-01
2.176353166258058192e-01
2.213990228178763231e-01
2.267742417418863177e-01
2.152209814111434305e-01
2.319253437824041475e-01
2.468237281422416274e-01
3.145540757012765254e-01
2.534106239155876628e-01
2.516111980003620241e-01
2.792028617238011545e-01
2.968473294054003730e-01
2.561240379616577800e-01
2.641377222382128576e-01
2.999094242878875827e-01
3.313102747254437763e-01
3.873780373517635711e-01
4.321459293888694209e-01
4.385874817313177854e-01
4.790597185393610236e-01
5.026630045987877660e-01
4.897537894704483419e-01
4.343933076279428152e-01
4.581425782377414047e-01
4.368097493111494090e-01
4.065842480041491624e-01
3.620863909659840507e-01
3.845035898917131267e-01
4.197177365677307037e-01
4.107780975160572057e-01
4.271928917198419273e-01
4.015747597867881380e-01
4.296183381437864712e-01
4.284255645419916547e-01
3.930314465668177659e-01
4.239124492904696728e-01
3.953895055052396579e-01
4.311214548519984868e-01
4.073159448818162165e-01
4.001234716183642570e-01
4.167279093100558773e-01
4.173662001281948641e-01
3.922358549019282492e-01
5.048781900978693837e-01
4.579054968087939437e-01
4.243406426773921325e-01
4.393384259207412379e-01
4.235793884132257325e-01
3.815791226309296347e-01
4.587469652166169531e-01
4.729319574341712129e-01
4.821003358469982958e-01
5.040612507657928898e-01
4.955297772082883911e-01
4.822887555629199463e-01
4.921163835940316478e-01
4.921971739692513892e-01
3.890141084764289214e-01
4.150086022174563904e-01
4.231971346582268367e-01
4.461644236171124489e-01
4.588212202381488636e-01
4.875487408892041907e-01
4.190264097337754734e-01
4.530188921973480887e-01
4.412897144543175831e-01
3.504316284236621559e-01
3.662052101497660361e-01
3.811211833350550693e-01
3.885617606647260303e-01
4.474209550209726771e-01
3.172632390562327709e-01
3.999325299813248913e-01
4.064824399781338804e-01
3.936413982464383454e-01
3.364395828329249660e-01
4.927560757947159198e-01
5.474753449378113590e-01
5.099512125679818153e-01
5.270200700367538849e-01
4.434064192333583287e-01
4.542491917439779869e-01
4.875663122566841201e-01
5.055545116463928679e-01
4.964899366873528619e-01
5.060583497001814868e-01
4.157065754634341470e-01
4.827878823381024365e-01
4.563974767192792159e-01
5.089069777096628666e-01
4.355766835492974609e-01
4.814870051993916933e-01
5.158186521271301839e-01
4.166345418320305249e-01
4.457466763256373032e-01
3.712603095565770173e-01
4.257618879988677163e-01
3.916526810158328376e-01
4.980375384740169387e-01
4.956394475328784743e-01
3.655326959544504817e-01
3.669091450983397174e-01
4.271298237058069880e-01
4.320093918914531539e-01
2.976131680031076643e-01
2.614440328751774234e-01
2.229821128141184494e-01
2.158548157237651366e-01
2.206084619006501990e-01
2.239743103931454704e-01
3.221688975093002227e-01
3.255413628491569122e-01
3.183672247094333496e-01
3.117777280905301707e-01
3.164973786260441013e-01
4.248709830590390868e-01
3.751600814254062444e-01
4.989101645782911265e-01
4.226268469267476235e-01
4.364520575767173449e-01
4.373421161476924723e-01
4.830936875886909787e-01
4.088930403696637850e-01
4.032095155848713919e-01
3.956567714400345270e-01
3.778924173020674071e-01
4.148536637612837974e-01
3.932791717389289565e-01
3.538113931641452270e-01
3.554730692117242796e-01
3.715894827058257022e-01
2.805494921492859284e-01
3.014970709380612734e-01
3.045941272912933151e-01
2.923940279367130413e-01
2.926013903035128982e-01
3.394512587009090865e-01
3.496821933616200972e-01
3.196101020390286207e-01
3.508312840904299623e-01
2.570970411001323175e-01
3.013764140117376478e-01
3.471731975406013304e-01
4.458484808153855283e-01
4.445057934025204993e-01
5.387311695825024449e-01
4.326926322219221133e-01
2.924839358175508330e-01
3.880602772059774663e-01
4.459854307545285668e-01
3.187574475131392804e-01
2.976859892828648824e-01
3.117039793875243658e-01
3.746378221498007921e-01
3.557096645200078511e-01
2.857069368195880310e-01
3.126942154986369071e-01
2.717791769329757079e-01
2.376707081739138916e-01
2.674367902867323954e-01
3.917150646237330669e-01
3.810955962182792645e-01
4.801063426376413479e-01
5.336635894422829818e-01
4.177113668977616712e-01
3.556050523492555460e-01
4.204594736667942589e-01
3.889017433059633877e-01
5.523895363404474068e-01
3.488521255612039296e-01
2.537072649928723278e-01
2.701876548745539286e-01
2.700329674401829028e-01
4.392962426537159182e-01
4.869583823702953729e-01
3.565598702787470264e-01
3.190863871506212091e-01
3.788682720243876645e-01
3.919976362466444098e-01
3.701790561719331407e-01
3.968432427426830111e-01
3.698841233244534177e-01
3.301881004674229736e-01
3.495661143550931049e-01
3.028794322326353594e-01
3.543260493641514630e-01
3.005291031033485716e-01
