4.093998424853443341e-01
4.109127062764073024e-01
4.102399185313136964e-01
4.112761760355690410e-01
4.109271596646434377e-01
4.083798671670221259e-01
4.081596018054148844e-01
4.081748565997699862e-01
4.071996454210302652e-01
4.058441059980351096e-01
4.083532600527802758e-01
4.076037064119227837e-01
4.061725833767129701e-01
4.080150645115713237e-01
4.073539469772807231e-01
4.063992388001848033e-01
4.052392906233002190e-01
4.033994715647717388e-01
4.046020646689706957e-01
4.043698789403649130e-01
4.015923444977193002e-01
4.012728667283318451e-01
3.992511505875001587e-01
3.967936689582290954e-01
3.949789768751286179e-01
3.925997121815697488e-01
3.906641878366020615e-01
3.943646990757927462e-01
3.942436036338549665e-01
3.933257145230162899e-01
3.916329463007465761e-01
3.978889926047122216e-01
3.976563767305275610e-01
3.959501118573179879e-01
4.011579198702739379e-01
4.043565566888722707e-01
4.026494653454929518e-01
4.001486570144222599e-01
3.980117521640181844e-01
3.946966952757870462e-01
3.913444583389243392e-01
3.976941323347350510e-01
3.994782379493236890e-01
4.000583744644928275e-01
3.986552445045481452e-01
3.979805183356738274e-01
3.959191474412857015e-01
3.933968122450822724e-01
4.004095821362963492e-01
4.017032782446416928e-01
4.001869196851411958e-01
4.005324345949674569e-01
3.985539730682388093e-01
3.968409157026137057e-01
3.963526920276213561e-01
3.961160483808829902e-01
3.927350183517754889e-01
3.901385930680774106e-01
3.875339949156579866e-01
3.936297022472414753e-01
3.899317191379038094e-01
3.961853526289971228e-01
3.997776353912352310e-01
4.019992764411919328e-01
3.986492782631635423e-01
3.960944884860225779e-01
3.966272866879676506e-01
3.968672317066743171e-01
3.971978610853003078e-01
3.939094309300842367e-01
3.955975773901737602e-01
3.931617532146542970e-01
3.935018252762295665e-01
3.904369238270707920e-01
3.913800900556024809e-01
3.947872601094847278e-01
3.914142232828725088e-01
3.908994644426070364e-01
3.850676811770017416e-01
3.832142968638390101e-01
3.906520866050121610e-01
3.870892620009498408e-01
3.847034829806367795e-01
3.858556547977539108e-01
3.876854203015918099e-01
3.832398839981454586e-01
3.789589529220499520e-01
3.779713771563267821e-01
3.831042404092458997e-01
3.827756670620191537e-01
3.816752964335735632e-01
3.885007086995736492e-01
3.848664651914163182e-01
3.813861500209765332e-01
3.778208792412326433e-01
3.771334189452062446e-01
3.761943625298231897e-01
3.820110901594628849e-01
3.940329877024569827e-01
3.914126801512523013e-01
3.930926644168579176e-01
3.890079966870573780e-01
3.851110621001221923e-01
3.817573515274931273e-01
3.897253607957672505e-01
3.846955500404714567e-01
3.872844940258969304e-01
3.956091265251512334e-01
3.927568812835945389e-01
3.886218551992406955e-01
3.837518658254783777e-01
3.911539209216844393e-01
3.903399894881436349e-01
3.891089190021561617e-01
3.899593403446084405e-01
3.849795927695112141e-01
3.805050942284503024e-01
3.836903219151247546e-01
3.930230910665675204e-01
3.889195020317838258e-01
3.862662709556952123e-01
3.848219828799763209e-01
3.885156827844047922e-01
3.852288749121212663e-01
3.859215042200011547e-01
3.859817456973249628e-01
3.826289386765633904e-01
3.791352153666720515e-01
3.783280972503312301e-01
3.770395090196455579e-01
3.736852292548734633e-01
3.700569221355604066e-01
3.677656821086763839e-01
3.688534343848014485e-01
3.768156973056874248e-01
3.817276833176466710e-01
3.780283782377280577e-01
3.769196910822986690e-01
3.801724961173232886e-01
3.765837083806286012e-01
3.776673613289961984e-01
3.778778688428077182e-01
3.765344543327096005e-01
3.748833831567013330e-01
3.737267152665367798e-01
3.723676801915604129e-01
3.731928713058564329e-01
3.700662676453256861e-01
3.664885684364902474e-01
3.635008929332285699e-01
3.592570526220517646e-01
3.591072040967183687e-01
3.739462261074261162e-01
3.690630979463817574e-01
3.654734259535546981e-01
3.457069555584613152e-01
3.450305434162442286e-01
3.489840811237922003e-01
3.478877971913159617e-01
3.441482780126802754e-01
3.438877294782817229e-01
3.449274131091622508e-01
3.331442716836512385e-01
3.348742354092119067e-01
3.257410133562237409e-01
3.166667158738817323e-01
3.538293311621705239e-01
3.299139986124653978e-01
3.276877073947045416e-01
3.474516563239157807e-01
3.913275659549756980e-01
2.973362020551902907e-01
2.811841438927352721e-01
2.783364738446804099e-01
2.796488820787741414e-01
2.842895652754306446e-01
2.903843577223808037e-01
3.963841527329323711e-01
3.178429368583275405e-01
5.085912428468304380e-01
3.002791967276466356e-01
3.420484024583215765e-01
3.538396351555484487e-01
3.774316974184741547e-01
2.850223702022545713e-01
3.115614570557231344e-01
3.372226740694652669e-01
3.529959751276116053e-01
3.624244894218080493e-01
3.682670591573997121e-01
3.116099335911144408e-01
3.183622751940217155e-01
3.162438334797100237e-01
3.168003635623383163e-01
3.377793471200776221e-01
3.844707737311066076e-01
3.449684550912756054e-01
3.400630064212548653e-01
3.142991826158533231e-01
3.298301830593133310e-01
2.967143298228624437e-01
2.921063381465579534e-01
3.740422316865081864e-01
3.565258493405961127e-01
3.329085805634323658e-01
4.291992137126621198e-01
3.049394826241282885e-01
3.110516273709935664e-01
3.173753477753588070e-01
3.240175926287405250e-01
3.296173536505436763e-01
3.285798331396379557e-01
3.525120434139776826e-01
3.529940802539323630e-01
3.571635499561250371e-01
3.637731609262777610e-01
3.589419276999679109e-01
3.582282716503023545e-01
3.059119771958030976e-01
3.564308961385176389e-01
3.071277381169395526e-01
2.784035210111849290e-01
2.749198351989611266e-01
2.734585656378800134e-01
3.456121434798475889e-01
3.757994047774401158e-01
3.865445860548379908e-01
6.634043604714050524e-01
2.759938045002728879e-01
2.734161236431240649e-01
2.860462539845685104e-01
2.696779192658571578e-01
2.700210593908205503e-01
3.315943750438860027e-01
3.377847696558950452e-01
3.912823082263830465e-01
3.267166620807191446e-01
3.391146231867993022e-01
3.511477972814541770e-01
3.001501460835791502e-01
3.012805213310134067e-01
2.818931902728462058e-01
2.738117884403784563e-01
4.124262395818296123e-01
3.467573965359334043e-01
3.513006253319026495e-01
2.844889193020797569e-01
3.025397001024852095e-01
3.294697711078596880e-01
3.445152891058371192e-01
2.835313361229481188e-01
3.659100309802900131e-01
3.144456813746527857e-01
2.638141277805095553e-01
4.686863791456685746e-01
3.012407763617978018e-01
3.254859928466881103e-01
3.865312497775909018e-01
4.030845479223424954e-01
4.066271721353112989e-01
4.097798118689276459e-01
4.102269517338364979e-01
4.134235430443389259e-01
4.137454171112513457e-01
4.140594601086963200e-01
4.168751581333613454e-01
4.182649142396470121e-01
4.192313814415838946e-01
4.201469026504914273e-01
4.210089082663239779e-01
4.207890664198535302e-01
4.216684230355144392e-01
4.223296170634802671e-01
4.220415491874335290e-01
4.215726913212175520e-01
4.215319344890259834e-01
4.216212248954903097e-01
4.217023509340847576e-01
4.214191229821054874e-01
4.210854821997175312e-01
4.207347219261409199e-01
4.203919114447009497e-01
4.209521216727620252e-01
4.204002594025703088e-01
4.204708205500610196e-01
4.205206164328639806e-01
4.201623399339908804e-01
4.197586538230227982e-01
4.188433980137569179e-01
4.183589785389257854e-01
4.180774419894524585e-01
4.176335635160859372e-01
4.173956314157667435e-01
4.188183459190917834e-01
4.193419483904243794e-01
4.183247399708778236e-01
4.175618577210726823e-01
4.180579999118944068e-01
4.169563979131283848e-01
4.157596389502596912e-01
4.202105085205566359e-01
4.203872749043617851e-01
4.195828692889604916e-01
4.190068246657425721e-01
4.207426443540370764e-01
4.197413463808390421e-01
4.196996806085787068e-01
4.197613573032349388e-01
4.203338716469139369e-01
4.197434205273550267e-01
4.192337662557294453e-01
4.193535576627093198e-01
4.184332045749932227e-01
4.177623713504160508e-01
4.172476384866599108e-01
4.160378158981353769e-01
4.147973314809103029e-01
4.142136383233205876e-01
4.126673637349792534e-01
4.116320195315451014e-01
4.108994040351873767e-01
4.113570108910995504e-01
4.198340705126422101e-01
4.197357986599646873e-01
4.195685681278256141e-01
4.197008261562462095e-01
4.187994004396103920e-01
4.182889910766997010e-01
4.180329178549967439e-01
4.170353460862642470e-01
4.161736420975675754e-01
4.162464910599296131e-01
4.154809396671221844e-01
4.146401157014317773e-01
4.135080520995170206e-01
4.129009051414583853e-01
4.125781783481518028e-01
4.181993193839610434e-01
4.174487330862908796e-01
4.177822697775974148e-01
4.170580688609039632e-01
4.161210864786093477e-01
4.153659942864910137e-01
4.223186896687611824e-01
4.219307319630614672e-01
4.212270614077225916e-01
4.208199497599929284e-01
4.205226287106172967e-01
4.198054059746498812e-01
4.196045765124226667e-01
4.196821014021300256e-01
4.193281623025479909e-01
4.188763075864621044e-01
4.213375598232556030e-01
4.211450522108642902e-01
4.203992436848751901e-01
4.196438070259941311e-01
4.189887269402246539e-01
4.180319708877959783e-01
4.174877745736423895e-01
4.163874116284702609e-01
4.153942932246390551e-01
4.153307478709720724e-01
4.147271026237809854e-01
4.144115213805619757e-01
4.136228967251208699e-01
4.127677290947031064e-01
4.173867927451307969e-01
4.163839020050225104e-01
4.152532614046908765e-01
4.148753645807502499e-01
4.181866997817229592e-01
4.171634616080410751e-01
4.162740765637756302e-01
4.161534544625753451e-01
4.159262331731738982e-01
4.146489856081115311e-01
4.135993252735526426e-01
4.138680666732206803e-01
4.134982112895276840e-01
4.122305614188134237e-01
4.121450619540619198e-01
4.109967211324557779e-01
4.109025865939748279e-01
4.097301575007334939e-01
4.143708541085340258e-01
4.143871188385295223e-01
4.134171778873741987e-01
4.136497548256703460e-01
4.128726180032788462e-01
4.117666388582043591e-01
4.162823017475640874e-01
4.160507225005688481e-01
4.151134748586556844e-01
4.137882324119391830e-01
4.150649072385502736e-01
4.139875293579481363e-01
4.135843346137574872e-01
4.123292163479584382e-01
4.107677071321372830e-01
