3.180606450276520780e-01
3.176857871396150390e-01
3.167150609387470728e-01
3.165695215808754792e-01
3.148866443608258070e-01
3.155783370075092020e-01
3.154670074013674608e-01
3.153924201920728088e-01
3.143870502276887580e-01
3.148648671998376947e-01
3.142745137805198485e-01
3.137180843777969130e-01
3.124539827766629196e-01
3.121841985784868378e-01
3.124182806057028139e-01
3.126863039632440389e-01
3.135510350301178306e-01
3.141047937607771012e-01
3.138901086845504174e-01
3.140655589877406340e-01
3.126112184392190740e-01
3.122186072688624137e-01
3.128415226793774817e-01
3.129500612568115736e-01
3.126962009489734351e-01
3.130356209090341402e-01
3.133249483963052029e-01
3.125549459274137853e-01
3.125146462873321651e-01
3.126566548778435539e-01
3.134269731711829543e-01
3.129857242062182299e-01
3.126747433224993933e-01
3.113478022917334220e-01
3.125116097806223125e-01
3.126640683951905642e-01
3.141732791747270381e-01
3.139604418055119694e-01
3.149121992961402827e-01
3.149882896538010457e-01
3.146287460818082971e-01
3.148888964334164986e-01
3.153253869954739108e-01
3.154255296284806387e-01
3.159678575910085385e-01
3.163397285155442051e-01
3.162535062203238878e-01
3.168566700931130242e-01
3.197106342218263286e-01
3.208985278422202825e-01
3.201905548791381673e-01
3.203556205482364083e-01
3.214709047294455613e-01
3.247347429001213870e-01
3.301598097985963265e-01
3.319385856971954762e-01
3.370570522946232384e-01
3.383560379407458685e-01
3.433672614037771575e-01
3.469232868850056217e-01
3.523644591296591355e-01
3.552706509179548999e-01
3.565281119464436266e-01
3.595817747979115908e-01
3.601720119481919835e-01
3.659726453990619355e-01
3.736476342733870970e-01
3.724814515969750994e-01
3.776981677219928279e-01
3.785025212149724649e-01
3.846860612198256257e-01
3.876694869555171175e-01
3.925668107534493467e-01
3.920018507019611409e-01
3.975106196158528782e-01
3.979588703518652237e-01
4.062101391431181541e-01
4.058246082114369546e-01
4.131023262841094223e-01
4.178794871564511793e-01
4.250863082321766351e-01
4.381061201816106032e-01
4.332147396921410820e-01
4.536904765315877830e-01
4.602075047730041502e-01
4.473500774536511293e-01
4.445315157928921845e-01
4.461202375868594805e-01
4.656409115398673637e-01
4.787823597435886813e-01
4.702446018334219824e-01
4.630701755005773856e-01
4.675601386259375380e-01
4.585014603479349304e-01
4.678042959094153574e-01
4.765977942073882367e-01
4.711624369850063165e-01
4.660589040918510229e-01
4.603905321829723785e-01
4.709139881580536868e-01
4.568913785969904717e-01
4.397629156926940452e-01
4.373609359481355208e-01
4.329012448938086566e-01
4.142406150768137563e-01
4.300120306240913237e-01
4.365697357927295075e-01
4.423834278504964468e-01
4.545231264993377929e-01
4.249877657889586935e-01
4.476426286833204982e-01
4.435504078507021553e-01
4.612483279167249872e-01
4.476348972976108564e-01
4.360730880730154801e-01
4.662811276428479035e-01
4.719338106231817376e-01
4.756291368768321703e-01
4.794200184446216761e-01
4.960234103634232339e-01
4.967928485913806758e-01
5.047890238759340509e-01
5.112596832054110418e-01
5.080555049738998408e-01
5.257204987123900164e-01
5.246009194047349666e-01
5.189092494879028461e-01
5.164725701271180025e-01
5.407455987491340821e-01
5.420938428762129835e-01
5.282760032311791809e-01
5.159593465599703332e-01
5.479140115976441905e-01
5.452753321539127729e-01
5.573953022504720689e-01
5.990261365573227303e-01
5.767553383656285337e-01
5.962475876209432091e-01
5.972598597034779466e-01
6.271046870040714039e-01
6.306902949141524051e-01
6.461377408774443554e-01
6.338589407902384121e-01
6.199685399421364096e-01
6.545320580476537975e-01
6.708366232753862901e-01
6.390722605881058449e-01
5.899473468775209284e-01
6.344342091921132409e-01
6.203863845667633159e-01
6.109351604436361605e-01
6.616415598753803140e-01
6.881948186111913612e-01
6.786526059537527633e-01
6.173921785074469870e-01
6.450654216225474302e-01
6.757313808944693800e-01
5.647116845216655356e-01
6.377787050951688741e-01
6.247391845156756718e-01
5.799558533095623414e-01
6.417846514775211730e-01
5.822595652180736492e-01
6.110003211479351215e-01
6.076238789378145544e-01
6.465851183692241655e-01
6.264706508677337915e-01
6.864021583597410547e-01
7.006777731021378575e-01
6.767850138294204676e-01
6.470090224696738446e-01
6.916150729943288944e-01
6.805478410332319594e-01
7.072404893243080526e-01
7.097561355171837505e-01
7.074520681956790735e-01
7.173342289100614888e-01
6.136150857307556272e-01
6.536402076184817389e-01
6.593264278432262593e-01
6.668459957210309819e-01
6.770346822230143280e-01
6.629754632286068983e-01
7.224817152125687647e-01
5.777352387052510085e-01
5.873774604579007352e-01
5.906972417266063147e-01
5.910641670260881053e-01
5.437645967178021955e-01
6.192774297824554797e-01
6.211847675894818233e-01
6.604590641824028552e-01
5.722058062005093149e-01
6.642370988714724200e-01
6.403669393528784726e-01
6.105521517813857768e-01
6.757984908706027305e-01
6.921560763557816909e-01
6.977908931630899536e-01
5.576088352939038151e-01
6.052692114608730911e-01
6.217139239184484856e-01
5.723230305264190854e-01
4.794926257159352612e-01
5.770096736481136190e-01
6.318517260920702983e-01
6.495310556083466746e-01
6.484897176605076696e-01
5.509551286165228490e-01
6.068390261977926192e-01
6.586263405071627330e-01
6.182551519360075520e-01
6.959369691638607192e-01
6.742922227369062549e-01
7.412303618945692563e-01
7.458945569886119564e-01
6.966002616514397339e-01
6.169610546978279153e-01
7.019695119941644634e-01
6.846493402964115571e-01
6.695207378466001558e-01
6.686891830639614120e-01
7.548922413071273985e-01
6.304468258871305242e-01
6.431536615556903147e-01
6.114799444269354289e-01
7.309654920088799468e-01
6.745530191104370799e-01
6.315660511804002120e-01
6.914698577301341409e-01
6.340181732216340071e-01
6.753756661928559391e-01
7.370538532561057288e-01
7.223164598250462198e-01
7.353878687319960195e-01
7.471580291116886041e-01
5.457114617833443981e-01
5.943587357505875080e-01
7.003178232873787934e-01
6.465421328199987272e-01
7.961630098071585948e-01
8.675800896779236604e-01
8.124688124989811744e-01
7.960498943900370383e-01
7.543974844185892259e-01
8.892612379894484498e-01
7.359499106467989327e-01
5.527707190506735424e-01
6.203790619407745233e-01
8.157838251928848372e-01
8.617524373170951657e-01
7.770146073810719756e-01
8.881079727312508609e-01
7.102087050020656767e-01
7.608976159002895923e-01
7.294712731342689604e-01
7.417339748800185761e-01
8.437871588818888213e-01
7.279582444080312520e-01
8.538999231459427630e-01
9.157040457821480350e-01
8.605162812020243912e-01
8.771317817733793598e-01
8.910636590961482639e-01
8.692670300132145922e-01
8.464357322306210740e-01
8.054117866516767865e-01
7.841947484740647845e-01
7.341630763533881776e-01
7.985645143116246736e-01
6.102026887675586764e-01
7.228591396969203942e-01
6.252066723057967401e-01
6.919568822791604124e-01
6.846725116493077579e-01
6.763801247741714207e-01
7.907701255515788841e-01
8.159909751657837829e-01
9.442874544596788766e-01
8.521192809760491649e-01
7.934894314526372838e-01
8.000513224180556549e-01
8.937567452570913673e-01
9.467622815608760511e-01
7.468885026373237590e-01
8.626245751490826397e-01
9.276910500333519494e-01
7.033098739032946911e-01
8.705309124393225684e-01
7.839786650232960508e-01
9.739736601316981712e-01
7.358005818186310609e-01
9.643065425608388086e-01
8.659374515340971801e-01
9.146901330070519309e-01
9.664221575973657163e-01
8.946272331070338479e-01
9.738345355454380847e-01
7.026899226931243581e-01
8.418147691585755599e-01
7.436886487698148862e-01
9.462642205396093464e-01
8.894231077128351703e-01
9.313151686496572434e-01
7.771209298152855771e-01
5.541676055945145007e-01
6.147876298590628785e-01
8.444858991927440828e-01
9.677304771084076496e-01
8.892395983058998254e-01
8.949282887795182440e-01
8.911775117275348990e-01
8.334080585664995766e-01
8.564959079094108807e-01
7.538215873215561302e-01
9.076075961124092650e-01
1.033809376454223106e+00
7.734459400974638132e-01
1.058042510523169444e+00
9.515357444377209317e-01
9.435144132460755451e-01
7.890941232749641987e-01
9.484302466298824008e-01
1.016275862294051979e+00
9.140678056881178515e-01
9.925327028520840589e-01
1.098519556046251733e+00
1.087200546872689966e+00
9.363556676620878871e-01
1.126048969790609977e+00
1.136428620939875733e+00
1.144691445066356117e+00
1.088151891374701918e+00
1.070219326536032245e+00
8.312548008799341970e-01
8.419672787898906385e-01
8.024183534122990569e-01
8.705812139326691845e-01
9.718525390679825238e-01
6.140965611923041578e-01
6.670757182639356353e-01
9.003832862742092713e-01
9.436696159918434024e-01
8.032537687004333016e-01
9.616662269689424392e-01
9.334553241061183115e-01
8.101784354518568598e-01
1.006183486464947041e+00
1.197233046627805386e+00
1.143608915344293431e+00
1.252627224922586269e+00
1.183834944893006780e+00
1.039859169698788222e+00
1.056953814692903393e+00
1.222584274026182971e+00
1.186434564992328689e+00
9.896159653615408391e-01
1.195407476300186511e+00
1.070578924092271400e+00
1.241338486820841469e+00
1.137801676481094315e+00
1.090520521818956201e+00
9.016129639657427530e-01
6.803850065445784523e-01
9.127199710928972642e-01
1.123853109230839920e+00
1.233014080840479476e+00
1.026340472996614350e+00
1.328881101570072776e+00
1.002567980358384236e+00
1.127124225064019658e+00
9.758464333518374056e-01
1.133052673647453545e+00
9.861348542831988029e-01
9.527955392737816886e-01
1.117054967762465489e+00
8.932874502041905362e-01
1.117827437364092624e+00
1.174135880728017334e+00
9.931871065522278608e-01
1.137199819576999005e+00
7.904981797147454525e-01
9.108927063824922010e-01
1.015417019841606150e+00
5.674128756812295560e-01
8.031244593123145759e-01
1.337234745818656867e+00
1.132239521226664491e+00
1.285368678326168856e+00
1.282867846391875455e+00
1.235238743071586764e+00
1.091146109244292006e+00
1.411935990491528070e+00
1.246726981120842126e+00
1.298973611495057190e+00
9.394520643479861155e-01
9.722040590726467313e-01
1.197227542309765358e+00
1.099352503303181017e+00
1.056132852993964644e+00
