7.937121242416198541e-01
1.313005663698513459e+00
1.417641179288557929e+00
9.196937476866186012e-01
6.916624381478584382e-01
9.123694651492214591e-01
1.478353695807322454e+00
1.003360310452922732e+00
9.827456624921859785e-01
1.156383356804610685e+00
1.412941416009349638e+00
1.517500326258526933e+00
8.723343018119392722e-01
9.504256176626145747e-01
1.074116109758840754e+00
1.372190732504859234e+00
9.187959228041959747e-01
1.264132701364822697e+00
8.807429689192567412e-01
1.115752472432516740e+00
1.059673245723768753e+00
8.596323253879933901e-01
1.141189515256245679e+00
1.063200254531030398e+00
1.203757537044899628e+00
6.317115137311930528e-01
9.247169569545226064e-01
7.499464037011931428e-01
9.785578200168441043e-01
8.191860571815495762e-01
7.611616939759985323e-01
7.766305214689284142e-01
9.300673777146482024e-01
9.590411068533580830e-01
9.772898526721996992e-01
1.341461092233668939e+00
1.055357180662567673e+00
1.006805935637684613e+00
7.882155926668048540e-01
8.668214852244766622e-01
6.692259413895527143e-01
9.381596658836004465e-01
5.605468523058758645e-01
5.631640022336843465e-01
4.970263113882409378e-01
7.269873477478184798e-01
1.123196739373709008e+00
6.805155741017152593e-01
8.150500363526834713e-01
8.149588920121553226e-01
1.196830058286041609e+00
7.240289237187076399e-01
9.517898555353876411e-01
1.609422092662402548e+00
9.667198276801445278e-01
5.261064681985416769e-01
9.439071593076047151e-01
8.589494625209169731e-01
1.026266943557935019e+00
7.435282732893211399e-01
7.790846718938664317e-01
8.988447664183591979e-01
1.065338084012309228e+00
7.180405824623816713e-01
8.520441764322701506e-01
7.960347805068523908e-01
5.144490781375252730e-01
8.072984791362208812e-01
6.608375831843862347e-01
9.008234456507797638e-01
7.285005421590320385e-01
1.099898869688251901e+00
9.574493012477280907e-01
8.093138966825172975e-01
3.738164287207820791e-01
6.695620176035386173e-01
4.555823554354352378e-01
4.542971527157469436e-01
7.054591978028357246e-01
8.749246355105815276e-01
5.742426656708121691e-01
7.048022477789814833e-01
6.488854200154174912e-01
6.271606308577333255e-01
5.358338113237457456e-01
7.781588568819720608e-01
5.163961495449462813e-01
4.460875046194857640e-01
4.904070375089243927e-01
7.143391948921803403e-01
8.493279175024686101e-01
6.966106697904882461e-01
4.699165704436147895e-01
7.143280842305038680e-01
4.040780365910943694e-01
3.598932102077008199e-01
5.425816695908622922e-01
7.105114362371514058e-01
6.204531671542847793e-01
8.693189071620706088e-01
5.645652661060182043e-01
7.818107557747704384e-01
8.585514678935297628e-01
9.484760138806002105e-01
6.063803562020028126e-01
8.728031803687555934e-01
6.904113203670307897e-01
1.049208141545021622e+00
8.296116551727686916e-01
5.286593715400693672e-01
6.253845981789073472e-01
7.905712692078563641e-01
5.251613987338173972e-01
5.215796265285979061e-01
7.888634118939725770e-01
6.352916105842676409e-01
7.613724478993861844e-01
6.320076070317162120e-01
9.097539567525185777e-01
8.193841237699488467e-01
5.420188722781255075e-01
5.787319919497979637e-01
9.296335931031067812e-01
6.523534904640377885e-01
7.384828485163660305e-01
5.732468791844388400e-01
6.286693953555653192e-01
6.362037841997831844e-01
7.687005072891299751e-01
6.191988717969829636e-01
4.308069582411006015e-01
6.076203675126232717e-01
3.778961228634210023e-01
5.079747317403273676e-01
3.426140408036705276e-01
3.330216864438028668e-01
6.699798962321675821e-01
5.598664571639078158e-01
4.860352326276626833e-01
2.855355564181270012e-01
3.024586002007210728e-01
3.192963486115237837e-01
2.889013305453976832e-01
2.968898844332229503e-01
3.742260484135429555e-01
4.853782398567116352e-01
5.416488681816141737e-01
3.513440378036056244e-01
5.237734613353529634e-01
3.912376568395449228e-01
4.816621836324260220e-01
4.873264338310054344e-01
3.436090472496630688e-01
6.086424396001760551e-01
4.568610207470744644e-01
5.834376632028546172e-01
5.079359182567078079e-01
4.670558571874899867e-01
6.232274096021930276e-01
5.587491301039342328e-01
4.520356496882764752e-01
4.642504948945699317e-01
4.064856022236256750e-01
4.544051581763870473e-01
4.661852341805416411e-01
3.480333036005547331e-01
3.540232100643023738e-01
3.581783322864958707e-01
4.233669291787124922e-01
4.826010571214317535e-01
6.036662287169591856e-01
4.335855444701501860e-01
3.765173792550252641e-01
2.948601079714318063e-01
3.273444208471797956e-01
3.249395959689155289e-01
3.274850051228676007e-01
3.392421751171162403e-01
3.419366703434331134e-01
3.435453761580834486e-01
3.192424061508601918e-01
3.307519045731497354e-01
6.330212304692103276e-01
3.582158612212399396e-01
3.128950272231939556e-01
3.014637594219286565e-01
3.020632310205223492e-01
3.031825936196463345e-01
3.235064143866254738e-01
2.947169758508674242e-01
3.365205641883544097e-01
3.295609456758130107e-01
4.087086607850552999e-01
4.442125010970204846e-01
3.635692483407506614e-01
3.905635440418714355e-01
4.482247845848489343e-01
4.469685689217053337e-01
3.091468686810351918e-01
3.778477612708691091e-01
3.666047663343650065e-01
3.643820872391679289e-01
3.871442816235884932e-01
3.094909898499281220e-01
3.576525845435483131e-01
2.764288024061250515e-01
3.073194606360544201e-01
3.075636160412580367e-01
3.078666764583858351e-01
3.113061899493477780e-01
3.047769548268433049e-01
3.193478686115617249e-01
3.090481119434391744e-01
3.575095508450078508e-01
3.782086393229959209e-01
3.549917232934297617e-01
3.438988864566325798e-01
3.212742995266166246e-01
3.084092247560391575e-01
4.078935320477040660e-01
3.719850342706078061e-01
3.584610124370806727e-01
4.594103728092278072e-01
6.647186291664319846e-01
4.085298787770298423e-01
6.316048836839438518e-01
3.834663585826895149e-01
3.764751396775436465e-01
6.128409596551536165e-01
3.090747428346521386e-01
3.761979026432643591e-01
4.404672038030781334e-01
3.680259604184806799e-01
4.082396386084233830e-01
3.909608963840225382e-01
3.116691635311244490e-01
3.064769655861985242e-01
3.109933691115703280e-01
3.120056939964813703e-01
3.268107880862326509e-01
3.826001823306141580e-01
3.776694072108558453e-01
3.781183981542169392e-01
3.788209616584122252e-01
3.612894983454808528e-01
3.383846813555019262e-01
3.293272299221625121e-01
3.606557225003964029e-01
3.381801206633368584e-01
3.754998105394395935e-01
3.659722079437748299e-01
3.544997047859201889e-01
3.054793652616265565e-01
4.613458534712768788e-01
3.299586734420658640e-01
3.360989286306137469e-01
3.431447329029181370e-01
3.432118429236638013e-01
3.168559059231566000e-01
3.169304358376546782e-01
3.000100798967280658e-01
2.983999343122483716e-01
2.865663986757315262e-01
3.522664246802453825e-01
3.351252097059985724e-01
2.970984195292368235e-01
2.944095524584217083e-01
2.774075683485405230e-01
3.004480890215465161e-01
3.577288847820893070e-01
3.759313880286083154e-01
3.386305501899688486e-01
3.379837659318906118e-01
3.071567884200677723e-01
3.057240541416166302e-01
3.535518515762956504e-01
3.542802089630701090e-01
3.545884448774645481e-01
3.550315412421517491e-01
3.555041946974693001e-01
3.558880273761295676e-01
3.569096007057375730e-01
3.574360203515197787e-01
3.584774347368424596e-01
3.594639963474876021e-01
3.601533872871987008e-01
3.548455783729295154e-01
4.466943552249188487e-01
3.871362074252692187e-01
3.275195593906130576e-01
4.108672833253838030e-01
3.568178454809891598e-01
2.851046859782448983e-01
3.101813720243255523e-01
4.132863188516094910e-01
3.771187754231746236e-01
3.432446422299409994e-01
3.495102807614019480e-01
3.545166557912720062e-01
3.201556240848388857e-01
3.267512372929128328e-01
3.357629383154912550e-01
3.027842171185533005e-01
3.243720886049177299e-01
2.963007023083286118e-01
3.143440884259748325e-01
3.194478771071577183e-01
3.267513303018647619e-01
3.282824953765243192e-01
3.288061919536110489e-01
3.287988769215058338e-01
3.294733395715082613e-01
3.316376654556474901e-01
3.322481736730487079e-01
3.323130439638976030e-01
3.335142694078290226e-01
3.337633088751208454e-01
3.336514235502489045e-01
3.247508635828475487e-01
3.246328512688606560e-01
3.252645657222520970e-01
3.212092556464974935e-01
4.017548462775943352e-01
4.521327197065359016e-01
3.165003852364797754e-01
3.169250780161021463e-01
3.086295121251708684e-01
2.868791077670265754e-01
4.692045972833058798e-01
4.672551498474968867e-01
4.557254209981186355e-01
3.116836796372968177e-01
3.164089954404164517e-01
3.236148356697858275e-01
3.274318846104339875e-01
3.341125342177847513e-01
3.373208348952994040e-01
3.418009378988591251e-01
3.460301620951122259e-01
3.496550816450663679e-01
3.550689215095095275e-01
3.594249521491891808e-01
3.619856012610447316e-01
3.634887791018938663e-01
3.666680118605155636e-01
3.670723868070793205e-01
3.683381999353547709e-01
3.698926021900906802e-01
3.720316430229203553e-01
3.726785588366727797e-01
3.738742247541972930e-01
3.746359099659303249e-01
3.746804658175680869e-01
3.753547222433201158e-01
3.763818179594567992e-01
3.771460074156564590e-01
3.771718043378591290e-01
3.768702091749771554e-01
3.764718264058324326e-01
3.766518645631178330e-01
3.753536237084195704e-01
3.757472980832374798e-01
3.773247143580212848e-01
3.774729504680844339e-01
3.781651965955838968e-01
3.784266500923237908e-01
3.789577686017364111e-01
3.786100444047661995e-01
3.788729781718433998e-01
3.790861707044714812e-01
3.792272940124488123e-01
3.788053042853459784e-01
3.783616005296959184e-01
3.782628835847389737e-01
3.773835815928576198e-01
3.765316459934431870e-01
3.759818812673959565e-01
3.755837003081285430e-01
3.750850218762615818e-01
3.750553805894100146e-01
3.754891959638479992e-01
3.750564857284631737e-01
3.753776256623811980e-01
3.742460737534505366e-01
3.593780784773137338e-01
3.599839629475988789e-01
3.593501491043116225e-01
3.599676914093236646e-01
3.362661780999239847e-01
3.357004075229040874e-01
3.352547327208718064e-01
3.160360434657245587e-01
3.854795947247715571e-01
3.564312066090391529e-01
3.550070310837826759e-01
3.527683845505889537e-01
3.536051363746459675e-01
3.421142570146871731e-01
2.829486532343505889e-01
3.702232740476776307e-01
