1.840054189814200047e-01
1.808483073404727748e-01
1.781486134996882464e-01
1.778868051508871173e-01
1.756015198956448753e-01
1.780107942311444646e-01
1.780691653363238869e-01
1.768518367146447168e-01
1.742093475653180568e-01
1.746220460158536825e-01
1.747350225239309163e-01
1.727097595983785316e-01
1.729718453445846515e-01
1.710586655322540728e-01
1.698447666952453416e-01
1.706921725428251491e-01
1.722498774459703397e-01
1.744154501147016090e-01
1.732796700976546311e-01
1.717462593262632509e-01
1.680666871105636617e-01
1.673552248509270757e-01
1.668008560411143038e-01
1.670847815477119469e-01
1.683702168587666304e-01
1.683442467654463481e-01
1.688779077128300110e-01
1.689258668899513427e-01
1.681011412388317972e-01
1.668299571391406722e-01
1.672451148368752083e-01
1.680869561758561725e-01
1.681185484368192817e-01
1.696337675287123425e-01
1.718050676382412156e-01
1.710032925180168528e-01
1.759023761215147696e-01
1.776619456926046836e-01
1.783656236299153708e-01
1.789634501620914753e-01
1.798291146212031844e-01
1.783681446379467295e-01
1.792805906276771499e-01
1.784947037757377841e-01
1.805330574000286736e-01
1.819514308542209136e-01
1.821668333109111582e-01
1.846653718913579545e-01
1.866941985899583933e-01
1.883433560126693274e-01
1.899207169629892056e-01
1.887697715488673433e-01
1.902918332257698686e-01
1.924037809198731186e-01
1.971866287943088714e-01
1.987684704816936043e-01
2.023009188513824053e-01
2.047427898860233186e-01
2.129048996371365465e-01
2.187173929633116076e-01
2.243554553332058332e-01
2.264362022762195226e-01
2.278860532983859877e-01
2.308886955547241049e-01
2.297707644291716034e-01
2.374995249429839028e-01
2.485361783443932049e-01
2.483873592625882865e-01
2.601860334770277339e-01
2.662856044950346335e-01
2.769277788045265698e-01
2.869529846768931192e-01
2.984300777361639234e-01
3.003673312382471039e-01
3.098618786853561957e-01
3.183591831649315029e-01
3.356195718000755113e-01
3.348715926553930688e-01
3.521579427380326366e-01
3.574969402679883945e-01
3.768743728095595991e-01
3.928557315036736997e-01
3.904632822794300573e-01
4.172825147928501677e-01
4.283392136823289675e-01
4.174369466035734444e-01
4.242864577111269964e-01
4.327005811657429479e-01
4.505696977758653077e-01
4.588831865866419557e-01
4.522008247233677003e-01
4.459472225434878978e-01
4.515554739613867330e-01
4.390064019784141736e-01
4.525865990637778502e-01
4.672011330968854903e-01
4.722782052559304500e-01
4.634223174481441054e-01
4.651230404387771133e-01
4.740278942941411056e-01
4.602371526371555333e-01
4.429325878822383267e-01
4.349256036129504066e-01
4.306812660553166472e-01
4.198957663456708289e-01
4.336698181769902405e-01
4.412007486569586301e-01
4.461934669277941579e-01
4.530368887538427369e-01
4.350742505007826888e-01
4.727943242264176504e-01
4.748162726292168845e-01
4.763481013309631695e-01
4.566870787911505580e-01
4.563829086375092992e-01
4.747076055770643732e-01
4.747936714615869636e-01
4.778269255977920515e-01
4.846923594709736105e-01
4.927071285038840953e-01
4.930801853633530185e-01
4.934446677336880027e-01
4.903530233551975925e-01
4.898168276738116278e-01
4.981453986925998834e-01
4.982912372332125583e-01
4.942995993463804583e-01
5.016410508306614613e-01
5.062697021899236205e-01
5.015581417203331949e-01
5.090570527361673037e-01
5.038300155294118676e-01
5.223086604981310721e-01
5.303352788611187529e-01
5.401970099197654918e-01
5.680668587435689920e-01
5.341849196980289483e-01
5.614362891066423389e-01
5.444686903846986947e-01
5.608398356937160933e-01
5.468932130246982881e-01
5.639743218119344093e-01
5.603697263116615979e-01
5.679036926535266927e-01
5.977785507354995698e-01
6.022541829450300810e-01
5.889503598264984596e-01
5.442264444963724745e-01
5.745769233831867773e-01
5.664339060549030691e-01
5.457595402604999979e-01
5.731243780328054704e-01
5.991140875241433017e-01
5.761379872045933048e-01
5.478302430362098630e-01
5.705596123756865312e-01
5.984977207865171955e-01
4.983654217348053028e-01
5.827781911602559761e-01
5.638556024589602700e-01
5.260927796856860184e-01
5.989297549642634833e-01
5.198991316809304930e-01
5.301636779056098092e-01
5.331109177842053848e-01
5.907505683552456421e-01
5.403780004941255433e-01
5.912206238509245537e-01
6.233768230515430719e-01
6.471166772152425750e-01
6.194064063345597893e-01
6.305813558326373025e-01
6.353830982766723867e-01
5.869211083738291590e-01
5.959609215906358504e-01
6.201805160449578302e-01
6.490566273435336431e-01
5.550710587532428075e-01
5.941572475544810716e-01
6.178301078817705072e-01
5.747392252455655326e-01
6.190893049982046925e-01
6.127792451458121681e-01
6.327068320567927895e-01
5.102383158512109329e-01
5.292431379548986348e-01
5.511604423962570554e-01
5.497131025896748735e-01
5.359970728429906961e-01
5.814240640880802280e-01
5.577762173033795623e-01
5.948263435160680013e-01
4.739935614677287523e-01
5.598832243590503577e-01
5.955050123709407783e-01
5.238309480129516027e-01
5.917955389894025142e-01
5.994890030736113040e-01
6.045885989592478804e-01
5.135771958992211284e-01
5.412759209189754728e-01
5.116857787170573379e-01
4.498756789491956676e-01
3.497559376684339361e-01
4.537261053710711645e-01
5.030314713598714738e-01
5.157389555115642343e-01
5.199373197851241413e-01
4.025261430976765364e-01
4.548943581132873226e-01
5.239070360518706115e-01
5.677997560843466296e-01
5.874878968973747950e-01
6.102265456384110554e-01
6.295042927574793223e-01
6.148438483100824303e-01
5.705680355644782153e-01
5.476605330644596092e-01
6.633185795925209405e-01
6.076808409264504718e-01
5.746353738153622270e-01
5.284139485946623971e-01
5.877123627108801207e-01
5.284085329693036792e-01
5.363127762013613076e-01
5.613866540444403253e-01
6.312165448233895138e-01
6.397397231057427858e-01
5.681655415492672390e-01
5.725988446631555817e-01
6.088304382872714582e-01
5.849588908412195476e-01
5.249880400649260537e-01
4.858506743169541675e-01
5.441523411584170411e-01
5.503291941205722404e-01
4.285673412446064923e-01
4.826900436486523116e-01
5.515778628582540533e-01
5.203048894262696233e-01
6.784200656804193486e-01
7.651072683070219149e-01
6.312771771633322038e-01
6.271920859686102023e-01
6.348822401805522819e-01
6.898551539153400247e-01
6.051005776418765247e-01
4.651150460505815154e-01
5.268916458783388101e-01
6.675930611394704783e-01
6.462098864221590411e-01
6.017032124952061967e-01
6.422752674909292248e-01
4.975459586253848654e-01
5.321688619095227279e-01
5.467027438382714433e-01
5.676646738255620717e-01
6.051444672245949175e-01
5.035388930105348937e-01
6.064650184015807355e-01
6.631796402230416554e-01
5.844170546895872675e-01
6.492567103734041556e-01
6.526793223230320518e-01
6.624459211582715001e-01
6.382823472626701911e-01
5.617936484123875474e-01
6.067345596118123296e-01
5.970171339476938455e-01
6.327772384793497462e-01
4.823518576557451754e-01
6.098825070404885196e-01
4.828172679292555003e-01
5.611984922297577061e-01
5.256003491487359902e-01
5.058037001007670286e-01
5.805473979203493728e-01
6.363521513289804865e-01
6.580866680536252566e-01
6.381332342455390272e-01
5.980282808219299362e-01
5.939949145550365017e-01
6.414785950133627956e-01
6.213197493304799535e-01
4.944843905309364018e-01
5.418924064369028404e-01
5.932033430198253576e-01
5.500677336002479656e-01
6.076750739213612196e-01
5.696712790925214653e-01
6.672666598722734044e-01
4.924206975968973277e-01
5.954076434334160117e-01
5.506317168436170029e-01
5.464634144021067730e-01
6.583281749438634201e-01
5.957822264233152421e-01
6.234820383137786859e-01
5.237091392308177440e-01
6.212964525266235771e-01
5.234988556028613571e-01
6.567620926846550189e-01
5.825922558016515262e-01
6.246546403290208493e-01
5.042132261071721189e-01
3.865805609113439067e-01
4.025324523294113166e-01
5.037240921712656805e-01
5.920938248751743682e-01
5.180948592485030701e-01
5.962375504992667441e-01
5.316926892499008739e-01
5.456396808788568364e-01
5.195658283205679684e-01
4.435393867840274340e-01
5.579301455583924874e-01
6.061753330983155053e-01
5.387015275608524334e-01
6.337884773649598014e-01
5.749618940600472738e-01
6.105284151736545262e-01
5.199704703643334147e-01
6.291360034270339074e-01
6.189325282477200485e-01
5.347630586825196097e-01
6.110779235557370903e-01
6.598824493567534422e-01
6.534117768411974447e-01
6.181182623302019508e-01
7.056219436922768207e-01
7.077519568920082049e-01
7.113652251948903160e-01
6.548906655574495694e-01
6.234542935652929163e-01
5.280185319863341942e-01
4.806809484341686423e-01
4.976817569040156708e-01
6.099115185063526123e-01
6.525248789817370554e-01
3.688800801153199194e-01
4.004221985489853086e-01
5.487501593172319225e-01
5.593748650776335651e-01
5.008321747913249133e-01
5.779011988571218783e-01
5.732249105095233999e-01
5.630415565485449303e-01
5.831965082802376132e-01
6.644924586440837944e-01
5.886315141237346005e-01
7.940580168136235351e-01
6.235652392987292014e-01
5.877459068131192232e-01
5.721666793152511143e-01
6.178121943784453673e-01
6.006075333965392726e-01
4.955305735929337874e-01
6.597845473924566218e-01
6.397677822315538387e-01
6.274385465681246998e-01
6.492312779920494936e-01
6.308897413867520232e-01
4.418230328249405092e-01
4.305370592978255972e-01
5.665491563565262512e-01
5.930804961496320971e-01
5.983139336932457031e-01
4.988381496421013250e-01
8.362247871607193517e-01
5.832471597000314922e-01
7.463733313894477250e-01
5.260143264482817216e-01
5.973036874117148010e-01
7.313383314119256129e-01
6.002781656769414775e-01
6.514020628308805350e-01
5.218907520769849873e-01
6.091535117391522203e-01
5.837639231073539214e-01
5.536864809244390617e-01
7.211090363997698649e-01
4.901997151216712645e-01
5.483954751425381691e-01
5.876020209239256609e-01
2.505863054074168872e-01
5.239461677034007447e-01
6.444304531627065291e-01
4.033452336339944377e-01
6.717716199924406162e-01
6.458620957391858486e-01
4.596287712759673516e-01
4.377206399520886526e-01
6.676604832501321640e-01
5.515759384521342623e-01
6.328458001305962144e-01
4.750570712440061460e-01
6.064845342739704215e-01
6.935590018544639523e-01
5.673357759613903983e-01
6.348716384783619215e-01
