3.436179036697609157e-01
5.471197930690958611e-01
7.011999095364511714e-01
5.212891418873250027e-01
4.908834514548649497e-01
5.886828835687289985e-01
7.359048637675051907e-01
5.301590518253571638e-01
2.582524190295029110e-01
3.807499806134878595e-01
5.508781040157275655e-01
6.168137506242741264e-01
3.940842426481246386e-01
5.018488005881550640e-01
5.465202139856878416e-01
5.497709188164395799e-01
4.866379424092876493e-01
7.203422712261777772e-01
3.749773691316681257e-01
5.315841790730541083e-01
5.280205333919141264e-01
3.465444431812598758e-01
4.856405540006456523e-01
2.892826559545186305e-01
4.628205254081203535e-01
4.490481710412490557e-01
5.499508559531397500e-01
2.879839576872810225e-01
3.132202087264741586e-01
4.429185423940630861e-01
4.698196796547107201e-01
5.056700796903521589e-01
5.881108183329686323e-01
4.374209350433380106e-01
5.679889292815111235e-01
6.664207337477935367e-01
5.430707493344292258e-01
5.644046601310751532e-01
4.297485429745290242e-01
6.724092652252227076e-01
6.121263157426186652e-01
6.205391108590647686e-01
3.772420359583674720e-01
3.341317336215181566e-01
3.609354483660568436e-01
5.485680220450950273e-01
5.533555709719863991e-01
1.410302406219205440e-01
3.007133622038091203e-01
4.603962165677529250e-01
6.126050109901060026e-01
4.404490915299990594e-01
4.338504510999766639e-01
6.340916293865833664e-01
6.121725874794977651e-01
2.747939023220202226e-01
5.841944429832435226e-01
5.391824324526958145e-01
3.977130907248316305e-01
3.825265284353331352e-01
5.986619142497326962e-01
6.749794910203990028e-01
5.942319818558371436e-01
5.123070875125608215e-01
5.294251843394448542e-01
4.407095673373160882e-01
3.944481027331615541e-01
5.101962810835221074e-01
3.507001516074800263e-01
5.109372123945286059e-01
5.124594378492242086e-01
5.281868419833364303e-01
5.011756018683166669e-01
4.929607419631453213e-01
3.104421855911093653e-01
4.924424739080268676e-01
4.116363361157789891e-01
3.579633776160927594e-01
6.052622081124436892e-01
7.171577938141708852e-01
3.349944347672297873e-01
3.798825904795820052e-01
3.761901831116714057e-01
2.853460000482920811e-01
3.129855477054064306e-01
4.458711701144116857e-01
1.841647129328093380e-01
1.990887206509207030e-01
1.994393924793684270e-01
3.104694809453312221e-01
4.134060263944336899e-01
4.466367125271851202e-01
2.492601115323270500e-01
3.454976980687174959e-01
1.759991248013056953e-01
1.592913784094267537e-01
2.949811386292198190e-01
4.829425469639612167e-01
3.231251191883386387e-01
3.396583085403160895e-01
3.549523037312170559e-01
4.578776063664058427e-01
5.935566245257152262e-01
5.212689208298854071e-01
3.507142293695091340e-01
4.468561382883055044e-01
5.237977505098609932e-01
6.420127045779411290e-01
3.918251589158164294e-01
4.503310868887346330e-01
4.467915245640035615e-01
4.395432784357927725e-01
3.698102982568483577e-01
3.063927540896713708e-01
4.323608403143333057e-01
4.927272674247145101e-01
4.308298021724503712e-01
4.791920317729895240e-01
6.583038472880229364e-01
4.666876475907269506e-01
4.139443238383506696e-01
5.727848177655827655e-01
6.763890474156992738e-01
3.719148303431674130e-01
4.141381759672472240e-01
4.181558759471736830e-01
4.926875810948638801e-01
4.928257527276301841e-01
5.451514269990517247e-01
3.697262241542501604e-01
2.302083745683475291e-01
4.087848369051038655e-01
2.159510470688302819e-01
3.328263494145308199e-01
1.884725897670472272e-01
1.964089644912053179e-01
3.635853113600454600e-01
2.742194408042382681e-01
2.150813512311493814e-01
2.164807070995934113e-01
2.507318005827616214e-01
2.588914064239354884e-01
1.274238045224750926e-01
1.331294350350940292e-01
1.629329916608810436e-01
2.872447655197923888e-01
4.164941932289106807e-01
2.412971540595843511e-01
3.036260068920347832e-01
1.685363279780045798e-01
1.897240599030035058e-01
2.929334256314947149e-01
2.250359870873896995e-01
4.020123611251579243e-01
2.810291755336397079e-01
3.702243351329432275e-01
2.848081342067747546e-01
3.482004420083855134e-01
4.689497275379628793e-01
2.616571420948429760e-01
3.112631806492577313e-01
2.230121533648299348e-01
2.725278052676243234e-01
2.926870762598637876e-01
3.487199919580529217e-01
9.983557237260833050e-02
9.457077824492179929e-02
9.630341871039881096e-02
2.979308039350416770e-01
2.146745545335148053e-01
2.859578565025182595e-01
2.952736896238494779e-01
2.929085112053632090e-01
1.935607616145845200e-01
1.204510272825179557e-01
1.205965767491895824e-01
1.309932988778773622e-01
1.389501260278926120e-01
1.407139977230784100e-01
1.474808083110746570e-01
1.452490053031643691e-01
1.406993528158340112e-01
2.928520007498651712e-01
2.119783163796706282e-01
1.279596301967336203e-01
1.416354087636513548e-01
1.468774501085407524e-01
1.554381645206925622e-01
2.350820181953164334e-01
1.828581022817218904e-01
1.033897243771263602e-01
1.099567654477704437e-01
2.599978926457117145e-01
2.173298692672884225e-01
2.979942018291443784e-01
2.682935788189060311e-01
3.884115105885884711e-01
3.175731134337751449e-01
1.582213786701935909e-01
1.285225484905467008e-01
1.007772011692051328e-01
1.292200481210182272e-01
1.966045212330829461e-01
2.298326056036282816e-01
1.696248872021698384e-01
1.203318899973925687e-01
1.087525325051436204e-01
1.088052778917706354e-01
1.107093327104851643e-01
1.161464105330435315e-01
1.332634070059105502e-01
1.750844174043671431e-01
1.497692705895806442e-01
2.827925112903242333e-01
2.864918181275138975e-01
2.170160841269929142e-01
1.145485296809130998e-01
1.180714726796525810e-01
1.153701585693253512e-01
2.002264491950766501e-01
1.166884611405812761e-01
1.130536422263826724e-01
2.710476534726693476e-01
4.274198071640314400e-01
2.314734629393337684e-01
4.298638270264857897e-01
2.203886398745003306e-01
2.157404375456567769e-01
2.709553254086183305e-01
1.652990353538900392e-01
2.289510176367501593e-01
3.397133776487825108e-01
1.475049829744920493e-01
2.397382874502679562e-01
2.310684703538984919e-01
1.744725503228341246e-01
3.040847634069530070e-01
2.902498081030234767e-01
2.869776924275540542e-01
2.761035844839108133e-01
1.145229867197251616e-01
1.098435567182572958e-01
1.097571226674631528e-01
1.102669179870148786e-01
1.041910987838723657e-01
8.979611238136878115e-02
1.266977050006459493e-01
1.711741059811186516e-01
1.326729680369650721e-01
1.117842252026918781e-01
1.093907691060614917e-01
1.115724302351675523e-01
1.575097797780725117e-01
3.514150986167765001e-01
1.935024428685698239e-01
1.514173509065712131e-01
1.161897452985744955e-01
1.161006072516932580e-01
1.018342092358759943e-01
1.016150355329575872e-01
1.054102295452177263e-01
1.039650139778863364e-01
1.606114456152106240e-01
2.604892196042945529e-01
1.218290978893731835e-01
1.566589225984861278e-01
1.701170086890313737e-01
1.998171160980061201e-01
2.231743513617402974e-01
2.227180991376410124e-01
1.011481290394942167e-01
1.088666792955671064e-01
1.077595699694072207e-01
1.405207874584442074e-01
1.385462980032345914e-01
1.160218222182277797e-01
1.164916713936343384e-01
1.167752826510495973e-01
1.172747454208321050e-01
1.175862305372565031e-01
1.179665186228761597e-01
1.183637258908174228e-01
1.186948834589868496e-01
1.201273427030780938e-01
1.214479946084693340e-01
1.223702596246330904e-01
1.147897518888258972e-01
2.162896937097779637e-01
3.159227807639794494e-01
9.801014059789914246e-02
2.080737210646172730e-01
1.405188150384601431e-01
2.141975911609222127e-01
1.120908637642405725e-01
4.387461869491876554e-01
2.598077333725987148e-01
1.046359518197700483e-01
9.976669776381322241e-02
9.233433280173680702e-02
1.232870527040918762e-01
1.301034431999331387e-01
2.969090314451310886e-01
1.401314620259860311e-01
2.080749790288075052e-01
1.410898857363555303e-01
1.459048008736295032e-01
1.422385809733470452e-01
1.303490689836982463e-01
1.271706382628810528e-01
1.266009798181810531e-01
1.240628036199569184e-01
1.241614881532050602e-01
1.209515267797759558e-01
1.204162094724300219e-01
1.200106558815876578e-01
1.199058289023079982e-01
1.202583424742720425e-01
1.204584802011539474e-01
1.211285754239768697e-01
1.194758927859160963e-01
1.182141733419825452e-01
1.227754601262547457e-01
2.736243758215503585e-01
3.282453833369168850e-01
1.494216779151222863e-01
1.973125448090042589e-01
2.278767599705991131e-01
1.708453389584561610e-01
1.497847771772518044e-01
2.143209365538936984e-01
1.569146708342645802e-01
1.110178030146696804e-01
1.139909019352526032e-01
1.183636402572277868e-01
1.211887667442382299e-01
1.263538146147794861e-01
1.282487775376920103e-01
1.298340503794678247e-01
1.312036067348463231e-01
1.326485598081409700e-01
1.354566511102956450e-01
1.394382888821287525e-01
1.413638225860102127e-01
1.426874187882355982e-01
1.460336659919464486e-01
1.457453067991145712e-01
1.477922252612780540e-01
1.499731972637364796e-01
1.522687403224627367e-01
1.526005859700171885e-01
1.537270052586610092e-01
1.550641566965533236e-01
1.551300870280291622e-01
1.560127298258076611e-01
1.575631760313321306e-01
1.588274153828574398e-01
1.589201600924621816e-01
1.587945739025716230e-01
1.584584856266946229e-01
1.587625904847581593e-01
1.571540888332429442e-01
1.579846896845768511e-01
1.607743529075154887e-01
1.614797446029863637e-01
1.628454635972792219e-01
1.628045987543673134e-01
1.636908480231483720e-01
1.631992550394315566e-01
1.636526572448531169e-01
1.645088403589551329e-01
1.647451622395381121e-01
1.641212824308403428e-01
1.635523944287279319e-01
1.639325500488263976e-01
1.628942138960590702e-01
1.620676736105552407e-01
1.621008195865580315e-01
1.616329547497224461e-01
1.608545580279893694e-01
1.612848745657282645e-01
1.620845520110057447e-01
1.613246386679113853e-01
1.617055136176261676e-01
1.606171183493610433e-01
1.408378916182980722e-01
1.416129146664650285e-01
1.408597694699220138e-01
1.415098918524314298e-01
1.252819367949228324e-01
1.253177782014610053e-01
1.251491197295610536e-01
1.649150105219328033e-01
3.889038156746822961e-01
1.032547564585090949e-01
1.060335809551972569e-01
1.052999025838774194e-01
1.052871974720188397e-01
1.392322571038035195e-01
1.403943534821361361e-01
1.211529155472202135e-01
