1.823048895422469673e-01
1.822858774221151890e-01
1.804902249927945457e-01
1.814615270307932127e-01
1.808815790015415592e-01
1.764155566097921068e-01
1.761269749455285083e-01
1.755767169231896019e-01
1.745283721239046515e-01
1.730571921626309628e-01
1.757369062595172116e-01
1.753266880656594306e-01
1.737196223604873802e-01
1.757438302110153061e-01
1.754274413175684888e-01
1.745666540797453370e-01
1.727536072065900541e-01
1.707636339507866141e-01
1.729689205234188065e-01
1.726412301149229112e-01
1.689284019262438097e-01
1.683676989615970343e-01
1.665058615551038568e-01
1.635789955810861840e-01
1.616807875716736453e-01
1.595052839718145987e-01
1.570902129408099923e-01
1.611415514906793800e-01
1.608402788155046670e-01
1.597351409441904457e-01
1.578439457251217259e-01
1.655626112187836008e-01
1.659992151892781265e-01
1.639653404738646847e-01
1.699237218304684716e-01
1.743562549722015298e-01
1.731557076299884423e-01
1.703807211552280376e-01
1.683845936423390699e-01
1.650564851714865777e-01
1.609711894348678229e-01
1.688251175615503308e-01
1.711768968095347399e-01
1.718901632874764163e-01
1.706594637912052237e-01
1.701163441521501840e-01
1.671202307120864816e-01
1.647629016972229354e-01
1.728922372875900393e-01
1.743828981266153377e-01
1.730417291321576512e-01
1.738568115726194518e-01
1.718211993315970354e-01
1.698596160365694607e-01
1.691609597101227103e-01
1.687445842363115844e-01
1.638969297855171203e-01
1.613717053747034114e-01
1.575426929851234115e-01
1.644665671796909368e-01
1.603931240165227812e-01
1.679075113350135817e-01
1.718068376357624605e-01
1.743882507054542452e-01
1.704870800998297409e-01
1.678713654255664101e-01
1.680284194443033008e-01
1.685422818955511493e-01
1.690002938751134498e-01
1.654991570418838098e-01
1.679494131984173022e-01
1.652371265810808620e-01
1.652770978576273420e-01
1.612513603735956647e-01
1.622873529149729266e-01
1.665093180606246337e-01
1.625265500131886087e-01
1.620716436978955899e-01
1.552419100873111413e-01
1.544720326552416478e-01
1.623508873602280134e-01
1.588151039568067024e-01
1.568532178245788666e-01
1.581038854084825807e-01
1.601005866984473724e-01
1.561712380942363032e-01
1.541997909460413874e-01
1.553343663327446389e-01
1.584150964607741185e-01
1.586915073353316608e-01
1.581238229030007270e-01
1.638690389651050738e-01
1.603630804065978299e-01
1.579926392190268980e-01
1.565185073395530535e-01
1.563604145197147188e-01
1.553544502179586007e-01
1.585871173624068264e-01
1.712592988951656681e-01
1.681761242597281103e-01
1.698515304789470770e-01
1.669323203972610248e-01
1.627972580564550908e-01
1.600485890985862136e-01
1.683354232363252212e-01
1.643130045529635486e-01
1.673122705992568238e-01
1.751648910410461557e-01
1.723803166866508252e-01
1.685665985489568919e-01
1.656983539467029587e-01
1.736091553643872021e-01
1.724380795243695974e-01
1.709597450707520394e-01
1.716175649214073395e-01
1.671970001238399228e-01
1.625020171183102491e-01
1.649659210774090667e-01
1.742919058163891477e-01
1.714704541330032694e-01
1.694973552063780975e-01
1.679551946998393275e-01
1.709562520663172602e-01
1.676292964693492094e-01
1.682096913834300045e-01
1.681456424569570118e-01
1.660993100450243176e-01
1.633294953482144207e-01
1.628933514557754647e-01
1.616722577149630191e-01
1.589108745990993055e-01
1.567436089999124371e-01
1.570040229205151294e-01
1.561136057450474568e-01
1.622173736423311863e-01
1.674136375825623912e-01
1.644029369670918228e-01
1.635727139009208186e-01
1.666066055574670912e-01
1.641118017254689643e-01
1.638207440361707512e-01
1.632073482982802637e-01
1.622100565008668949e-01
1.608439319593229500e-01
1.598679463088635289e-01
1.592229590374251158e-01
1.593131001877535202e-01
1.564948925494209497e-01
1.534196933412274588e-01
1.512244695383327953e-01
1.506259175629559299e-01
1.514817333571788771e-01
1.618173582944386624e-01
1.577953284168293058e-01
1.557849808904263611e-01
1.387179971483897267e-01
1.383508569039600122e-01
1.356552090935805865e-01
1.350490351776825193e-01
1.363407444066302432e-01
1.359919909013204420e-01
1.350002231793032414e-01
1.171310956798929936e-01
1.175227619006739138e-01
1.044288582562270806e-01
9.853364119952534583e-02
9.018094864290891743e-02
1.157964002820376093e-01
1.168988461121274469e-01
1.081067143884816006e-01
2.307479456001870211e-01
2.094803617905938165e-01
2.270493556920010481e-01
2.174353093989341845e-01
2.091805298448091155e-01
1.721782783737377254e-01
1.422765821152151000e-01
2.970272912214915739e-01
1.794428185426449607e-01
3.633319551365964406e-01
2.120297545488423474e-01
9.807280399259388215e-02
9.123304758519718005e-02
1.043262175366579392e-01
1.960676132020189311e-01
8.573256682300162135e-02
8.757742721023364929e-02
9.515815660560350553e-02
1.050520332302297966e-01
1.119231365365191133e-01
1.041279039639035203e-01
1.016750619031804026e-01
9.535833223470432940e-02
9.198738942784043249e-02
1.232023233890921499e-01
1.678191880754373588e-01
2.151870301485903081e-01
1.403901560827636730e-01
1.765111441255398650e-01
1.291632384652602883e-01
1.864043250152484510e-01
1.565415553333883714e-01
9.532785858504727594e-02
9.168772971795845217e-02
9.602415740689337897e-02
1.671911725752398548e-01
1.203250638012597351e-01
1.175724870308979958e-01
1.145000461535027880e-01
1.123310548701586670e-01
1.134105824774863935e-01
1.135636461635177175e-01
1.220489608194884612e-01
1.234822818217722884e-01
1.244664689283043607e-01
1.263695990752110865e-01
1.231425250422575196e-01
1.226598483396099670e-01
1.415514149573525449e-01
8.386828938575341397e-02
1.114710549390117156e-01
1.072201795581616546e-01
1.025389499718389330e-01
9.635181045803133115e-02
1.541257064218871653e-01
2.580351680202038755e-01
3.234415916412346492e-01
5.000371908672820442e-01
2.144586614474413566e-01
1.496695396983432347e-01
1.268227365892058978e-01
1.434926456629077307e-01
1.474282404297287408e-01
1.327302066025594918e-01
1.534859451963236920e-01
2.389885549026194711e-01
1.585535028450709705e-01
1.465090947759745965e-01
1.839622051136741432e-01
1.191352003790576430e-01
1.228744462811455496e-01
1.392847267821802348e-01
1.845003389217867995e-01
2.806883178524163247e-01
1.471092222537122574e-01
1.631739347757718006e-01
1.135342344535986980e-01
1.130143613592460849e-01
2.611065124335960608e-01
1.334829928810719601e-01
1.403545393942646213e-01
1.112634433260082378e-01
1.008410907076785351e-01
3.032862024159692638e-01
2.835047794844562929e-01
9.489989496782606782e-02
1.172942601695900616e-01
1.590174752075207421e-01
1.804142408074639881e-01
1.815531639585500345e-01
1.847109042541810187e-01
1.842399850673188122e-01
1.883162093872833842e-01
1.882042293692409995e-01
1.885251477772180162e-01
1.912953545117575538e-01
1.930351961018141882e-01
1.937782114054540927e-01
1.950632993641651103e-01
1.958025925617710994e-01
1.955212615858623881e-01
1.961813904632319083e-01
1.964188364946085064e-01
1.956822082042710964e-01
1.953548500218996176e-01
1.952265040756475667e-01
1.948330777509597045e-01
1.943410959096696922e-01
1.934323789669246674e-01
1.933916725192947328e-01
1.932389825381581883e-01
1.927697286000737420e-01
1.937159219372317498e-01
1.929153306807367962e-01
1.924672772575216628e-01
1.917645299612406595e-01
1.912637543647447702e-01
1.909321629372399132e-01
1.895498756421056530e-01
1.885448646577146947e-01
1.880609759368911393e-01
1.879749503523422682e-01
1.869303079036626070e-01
1.887562911024021350e-01
1.901712936432183310e-01
1.888702012052147217e-01
1.876004429485489400e-01
1.875963405830205488e-01
1.859724687562778478e-01
1.840012939085769184e-01
1.913249590449176418e-01
1.911580599516469192e-01
1.900975142370788240e-01
1.892838923013775154e-01
1.921366741689293500e-01
1.906884184261339876e-01
1.906363867155416725e-01
1.900246225408461775e-01
1.913423454904754351e-01
1.906748225372610905e-01
1.897669471334576530e-01
1.902389258927298932e-01
1.889670807844538170e-01
1.879325113906787359e-01
1.864492832893854812e-01
1.849618796675971399e-01
1.833787230035979210e-01
1.821840530689864124e-01
1.797910413502104843e-01
1.786113298842292307e-01
1.779437275266725904e-01
1.784842946920734141e-01
1.906322466592866860e-01
1.908708336311908393e-01
1.907497308203821573e-01
1.908491152358633425e-01
1.896933434406222752e-01
1.894557326155784371e-01
1.881525886091829913e-01
1.870251560044415284e-01
1.858101269582010384e-01
1.863748232289305640e-01
1.853962527491482826e-01
1.837316908204248977e-01
1.817735202661489580e-01
1.812115213704237338e-01
1.812447382543332930e-01
1.898789583154286142e-01
1.886208148897953740e-01
1.892240283858404037e-01
1.885812919615997285e-01
1.874864695791218505e-01
1.862439627755916594e-01
1.960135038284709363e-01
1.956248543683307972e-01
1.949633131359177485e-01
1.944358709294198850e-01
1.933438519998755267e-01
1.931725340206640329e-01
1.927442099470989545e-01
1.924400236110589413e-01
1.917740732052574115e-01
1.907972308258884808e-01
1.938740058474488492e-01
1.940541752728675295e-01
1.931579093744181519e-01
1.927585188262811999e-01
1.924388888608679071e-01
1.918215629320106919e-01
1.917321185745978207e-01
1.903985796334450031e-01
1.889682322584368412e-01
1.884097311145824238e-01
1.872626227004987043e-01
1.863763807613167678e-01
1.850495452937197804e-01
1.843592159118868923e-01
1.911625601300836474e-01
1.897114007817151671e-01
1.882715475355480339e-01
1.877858987870850149e-01
1.925454952379492268e-01
1.914824677362972905e-01
1.902989015478749879e-01
1.897058792369265001e-01
1.896931245855296155e-01
1.884017392263132584e-01
1.875080124235975754e-01
1.886146901185531966e-01
1.875699230595481437e-01
1.857483437431779461e-01
1.849814941910660759e-01
1.838407133753739153e-01
1.829089160650516077e-01
1.814623473305577162e-01
1.883561825800143530e-01
1.878445176117682913e-01
1.866170035070410516e-01
1.855518164558747629e-01
1.842194309111155059e-01
1.831924494342024312e-01
1.890340246534519264e-01
1.880218801242739546e-01
1.870247519431496586e-01
1.857308490610105611e-01
1.878720297817626783e-01
1.860329270655757261e-01
1.858880413796872300e-01
1.846467797621372808e-01
1.830789051536456657e-01
