1.115257577786166632e+00
1.115594537949405884e+00
1.115957601729921755e+00
1.115759517666673029e+00
1.116129074239447627e+00
1.115141855205824539e+00
1.115855830890213118e+00
1.116216335021563921e+00
1.116449238045226000e+00
1.116117993409375231e+00
1.116586559185553273e+00
1.115736137920138260e+00
1.116794003378496214e+00
1.116260446675837459e+00
1.117175812977744265e+00
1.117989756946320412e+00
1.117226575623416762e+00
1.116899640836766183e+00
1.117489615417408988e+00
1.115889965560371344e+00
1.115570365963792776e+00
1.115811517957546295e+00
1.116195900269453700e+00
1.115782252908957384e+00
1.115427681136331506e+00
1.115862887023277406e+00
1.116477471892658002e+00
1.116306981376966379e+00
1.117497382022519359e+00
1.116944269019640279e+00
1.115912447411956609e+00
1.116066614755502062e+00
1.116398308814416263e+00
1.116093173584606912e+00
1.116010563445761994e+00
1.117468952031639651e+00
1.117166557469666532e+00
1.117771915035677521e+00
1.117605191864035952e+00
1.116862557410965184e+00
1.115333705382672846e+00
1.114853970406511463e+00
1.115763702146851166e+00
1.119096240654710028e+00
1.120231886356401807e+00
1.116612911401636099e+00
1.116910299050066779e+00
1.116777011548413467e+00
1.112486479009944018e+00
1.110665422492072008e+00
1.106996362324786487e+00
1.104258062843485266e+00
1.104298023062607603e+00
1.103216813296896026e+00
1.098783639313243743e+00
1.099308786645410096e+00
1.098784317647874431e+00
1.097075570921957732e+00
1.095753444950523070e+00
1.095850737382211948e+00
1.095577911468340826e+00
1.094049228714888855e+00
1.093843187737866041e+00
1.092465325900378481e+00
1.092359650069445465e+00
1.092114237468557958e+00
1.091778095274220206e+00
1.091684759184473830e+00
1.092817157206846801e+00
1.092555975609095009e+00
1.090006146390916530e+00
1.087558691415089651e+00
1.084161575327749150e+00
1.082674214250707312e+00
1.081719711583843502e+00
1.081076332554098851e+00
1.081080512548058925e+00
1.076196366881374544e+00
1.080644095246339864e+00
1.077010400860094919e+00
1.076883509811359385e+00
1.082764275832344358e+00
1.077052604582055428e+00
1.074575203578347571e+00
1.071300873178327340e+00
1.070690576914834491e+00
1.064270623480964240e+00
1.062420175726090044e+00
1.059863111042219641e+00
1.055346380361745329e+00
1.053397155878065705e+00
1.052873780245871194e+00
1.049744661127568923e+00
1.043786087790640860e+00
1.043869113069791021e+00
1.042367073207465689e+00
1.038729223653300782e+00
1.036792853440080098e+00
1.042562648018929172e+00
1.039225148224568906e+00
1.041060732031254155e+00
1.041080791020924989e+00
1.037727589472760004e+00
1.033457386610943107e+00
1.029800352030148192e+00
1.020667213944828067e+00
1.014611284051646800e+00
1.014483301421978956e+00
1.011098299996241234e+00
1.012107442078651554e+00
1.012906747087744197e+00
1.010211953896896331e+00
1.012283792866633281e+00
1.008974325150301166e+00
1.010253947645544548e+00
1.009159114467732543e+00
1.010243912979338354e+00
1.010608978600600505e+00
1.011582762758400422e+00
1.006529290201864768e+00
1.004229222542223798e+00
1.000259068888999625e+00
9.971061551451664284e-01
9.980894517158891421e-01
1.005766044318760599e+00
9.934474166664879480e-01
9.935356739877269083e-01
9.825582018740901535e-01
9.849771758410800215e-01
9.799108472382210833e-01
9.840008283137956502e-01
9.743242542499170877e-01
9.682753548921305686e-01
9.688567572076892676e-01
9.689033883458227914e-01
9.722970141093252305e-01
9.725610678766183348e-01
9.714849925322107671e-01
9.631966973728558479e-01
9.779253706888204611e-01
9.734301620320358062e-01
9.646068036148638392e-01
9.677579689771755866e-01
9.741398457659291577e-01
9.699103652576023249e-01
9.525258079081164730e-01
9.511587964041620102e-01
9.335038471631684764e-01
9.265147386861040113e-01
9.327559290298291783e-01
9.276446588224546153e-01
9.144429943300567132e-01
9.159246997768998311e-01
9.071662293494549001e-01
9.049467691644702549e-01
9.137796833101471394e-01
9.097260034891196945e-01
9.121136952796662367e-01
9.015037913351947596e-01
9.091417257396977591e-01
9.181093992350013444e-01
9.061015240680196925e-01
8.850086336901132888e-01
8.763042673152321438e-01
9.016510319970578724e-01
8.800769818380329568e-01
8.912107001595732658e-01
8.802985806035787952e-01
8.586382376807699668e-01
8.721197635509049251e-01
8.118502664932857327e-01
8.214976515374280419e-01
8.146725036821717003e-01
8.171503932657374625e-01
8.266010212495575882e-01
8.003783057394574518e-01
7.710302501917362106e-01
7.488155586869534863e-01
7.466756073152127637e-01
7.428591657298140305e-01
7.417255823538969617e-01
7.431888128636814361e-01
7.736532252962349254e-01
7.347888479243980253e-01
6.901381635979609852e-01
6.623137440985515934e-01
7.061683583143553156e-01
7.090442800298381032e-01
7.020703695306147463e-01
7.634642924127359453e-01
7.990033266391137756e-01
7.871069342449230621e-01
7.595245170049054195e-01
7.552208209595102639e-01
7.671608942978982437e-01
7.403232092446477841e-01
7.343913116562675869e-01
7.256867989257291818e-01
6.875453696968791828e-01
6.767594061523700688e-01
6.997966998453315490e-01
6.870092556539907358e-01
6.459984205530090451e-01
6.652392221513072634e-01
6.716595191846803647e-01
7.262110575876018492e-01
7.302362433401232700e-01
7.138858638430409798e-01
7.019328182415613959e-01
6.663653265683051607e-01
7.103646871443799471e-01
8.153361210573475404e-01
7.916637495491646304e-01
8.977668624366236250e-01
8.422352549146850942e-01
9.155848691335513045e-01
8.770931965032549016e-01
7.534269233943181598e-01
7.762350855653012971e-01
7.537641012583508049e-01
7.275793170484752270e-01
7.821875163452329804e-01
7.820646948876073257e-01
8.096566097735065082e-01
8.556878363188237246e-01
7.613303330645575517e-01
6.906991430240989605e-01
7.340918400663174470e-01
7.490390651698480839e-01
7.408906218060985482e-01
6.906384224248629522e-01
6.610374220097653408e-01
7.116541573914190177e-01
7.018983560158206236e-01
6.372401198005132050e-01
6.368143226345878150e-01
5.993882181699654588e-01
6.049975585925775334e-01
5.951740514330442489e-01
6.407062901476057171e-01
6.355165475278823362e-01
6.754923717685714646e-01
6.227661465305485144e-01
6.147153413248559461e-01
6.154755134812933681e-01
6.802916270040186841e-01
6.208801842671809457e-01
6.813091278304749254e-01
7.275476442595896209e-01
6.358560934515901097e-01
6.758915318499910674e-01
6.610964702624382294e-01
7.154695414160430200e-01
7.038245621145142739e-01
6.750529934554454492e-01
7.123875592308575033e-01
6.544578786365317091e-01
6.731531223778044470e-01
7.331298168399361659e-01
7.016822540713713030e-01
6.983536583264668973e-01
7.743648383491338327e-01
5.484165020978839511e-01
6.395324543641769388e-01
6.514280844270478044e-01
6.784450091414149231e-01
7.425808104847063662e-01
6.520491087678825792e-01
7.096513643013296901e-01
6.578254099387521592e-01
6.188566526807580681e-01
5.828973123957423841e-01
6.243182111241977195e-01
5.116437020571557026e-01
5.553648842286724729e-01
5.345559759410860590e-01
6.825662734892925521e-01
6.826021708207525851e-01
6.034322578391942971e-01
6.178018421599448251e-01
7.275207555844261931e-01
7.882857120040285270e-01
5.829547616529033860e-01
8.471576227089439026e-01
9.517544890684224157e-01
8.034294529742634916e-01
8.526293323417670766e-01
8.721944683446699598e-01
7.459716806898205599e-01
6.819182792735498655e-01
8.229111630445483661e-01
4.253065864385706107e-01
6.500394082245989358e-01
8.250040857570432040e-01
9.133876147197730333e-01
7.922367222114936602e-01
7.096654702835143436e-01
8.755216747513087094e-01
8.866694333762291658e-01
5.286105903467877010e-01
4.975345123992669927e-01
6.475914941467583175e-01
6.871397462367870856e-01
6.231970661440303649e-01
6.801000899079626683e-01
6.546029413248098949e-01
6.138147500958622826e-01
5.330596093555003412e-01
8.050270673501713770e-01
8.654538128145099485e-01
6.233103174363729959e-01
7.267170987790606551e-01
5.693256644636786046e-01
7.345115357387320687e-01
6.969518467962363406e-01
8.547238321642440795e-01
7.755296392830477448e-01
7.855332812279758326e-01
5.723288224644332844e-01
6.939368113692863105e-01
5.685296676779586500e-01
6.743025075340262076e-01
5.204624862246229888e-01
5.186152023596808380e-01
5.518556231683586777e-01
4.352218489753119646e-01
4.765887624938953127e-01
6.312566036305011785e-01
7.957191923452038296e-01
5.898671545910972869e-01
6.969180396169077918e-01
5.049179347782970506e-01
5.936687364414423573e-01
6.968796455636793175e-01
6.395291556077673523e-01
5.095201743269426320e-01
6.664451330792842132e-01
6.149491527178453376e-01
7.196510066442176612e-01
6.420214854370973612e-01
5.612078796543767956e-01
5.948201922288883781e-01
7.966846917984454768e-01
7.366484078682483672e-01
8.369849282623879061e-01
8.920123812983370426e-01
8.340378407963663365e-01
9.388733097346680934e-01
8.675838380957600071e-01
6.865775215074280124e-01
6.251220593359760880e-01
6.781536259383249554e-01
8.271551802841653478e-01
9.451367693445960061e-01
8.786471711552586994e-01
3.943214163155280838e-01
6.019814634349701654e-01
7.241361495520782787e-01
8.148097112039206502e-01
9.634767289580542515e-01
7.852326466314920594e-01
8.114323932590383759e-01
8.855478600422151958e-01
9.974471336636221430e-01
1.020601125562320632e+00
9.412325553705832570e-01
6.970601437597921946e-01
8.394253415872096058e-01
9.632425128594841457e-01
8.012077882250068228e-01
8.452926398190210300e-01
8.542160695882866639e-01
9.999345277152389411e-01
1.147398550940772255e+00
9.300201674626241699e-01
1.104662852920331728e+00
1.013469217369823649e+00
8.563224357165712952e-01
8.286659958023897543e-01
9.248170524413866778e-01
6.557702401098755018e-01
8.564734707306458361e-01
8.103217099949967528e-01
1.063591732122899813e+00
9.256430011395877511e-01
6.513524548992289942e-01
7.120242499496418631e-01
7.269732530433810069e-01
8.301361496852085464e-01
6.725444951382052450e-01
9.544211163290058364e-01
1.215889646370446275e+00
1.131825541923647371e+00
1.095077772685754125e+00
9.517116315266412885e-01
9.751211500898127049e-01
9.954374102120296941e-01
7.096189696173220707e-01
7.884191994680496141e-01
6.839744568962118354e-01
6.613344004904754270e-01
5.794808367747191769e-01
7.752258473320187138e-01
7.150008861075840549e-01
6.280528636747789717e-01
7.699652112060300091e-01
9.416859076080499324e-01
9.744574258330486183e-01
9.974609695545642030e-01
9.204515903035080937e-01
8.647337421946209579e-01
7.880142701974242048e-01
7.574983665664460908e-01
1.020669463990619086e+00
9.567595072739802919e-01
7.696712351451187040e-01
7.364484285522706619e-01
7.719480954329588362e-01
8.997879991533964672e-01
7.801575153375274185e-01
9.763053904053196064e-01
9.560356665296571022e-01
1.205826248107103149e+00
1.092467246351968901e+00
1.181927331108561630e+00
1.197674838192624547e+00
1.123740243003132022e+00
1.093675950678955511e+00
1.096271895896268722e+00
1.053585294977744002e+00
9.055246347388635764e-01
8.629268657950038834e-01
8.045006335078908055e-01
7.537898622314850305e-01
1.115462366117762061e+00
1.070637073570867681e+00
8.602212347190397734e-01
7.479603423792696715e-01
1.185553879730934401e+00
1.237042555219797890e+00
1.245906646925538208e+00
1.210710698158949272e+00
1.192050529404736325e+00
1.166744877451996620e+00
1.161760125828119161e+00
1.145407041255864788e+00
1.131430827226880043e+00
1.055738988715867022e+00
9.698412819712718402e-01
9.151333593160946300e-01
1.187811882571956357e+00
1.042364458332619037e+00
1.309561571556826953e+00
1.307975330202447939e+00
1.308443087570587249e+00
1.296561884176436585e+00
1.292188238900171537e+00
1.277459028054649393e+00
1.265291288831404737e+00
1.263894226480332561e+00
1.120235161690918746e+00
1.116392802648758842e+00
1.013119551031739896e+00
9.637355413722805686e-01
1.326759657476482612e+00
1.324259737656473979e+00
1.320760737329321977e+00
1.112188805364938249e+00
9.472880102254110923e-01
9.484127749430930621e-01
8.917688718556959770e-01
9.919025960585340362e-01
1.177889917928309327e+00
1.258047811110403424e+00
1.192990051663551210e+00
1.194370539529770348e+00
1.189707635851640521e+00
1.134824016660304968e+00
9.616176574674828448e-01
9.114956318360759591e-01
9.090258391677952243e-01
8.952370091537620311e-01
9.651608664366934098e-01
1.217925114241098727e+00
1.228060040164831834e+00
1.229609102604779736e+00
1.152497938521160670e+00
1.196286520316361512e+00
1.226488287047470038e+00
1.226468893970988239e+00
1.213280752544036112e+00
1.209212482599035132e+00
1.232930648875306012e+00
1.220463338835674705e+00
1.196067972527329770e+00
1.208810931057499483e+00
1.110522938394183257e+00
1.114300129256053928e+00
1.064415428358824744e+00
1.063932688041740349e+00
