3.219510283761707892e-01
3.221328979216719901e-01
3.222108591727299021e-01
3.223306693809064871e-01
3.224353201238849276e-01
3.222385136201753042e-01
3.219755119680063338e-01
3.217896975619325972e-01
3.215080127302244462e-01
3.215246959724141207e-01
3.215851639122100369e-01
3.215928255729306739e-01
3.216809092502260214e-01
3.218302854348200071e-01
3.218982965016666253e-01
3.219854717192809912e-01
3.223658530373703646e-01
3.223033289294465198e-01
3.223043441556978639e-01
3.223283273450105457e-01
3.224278044422569933e-01
3.223454723989476745e-01
3.223384532569996130e-01
3.221246919241341211e-01
3.221917607132797068e-01
3.220623020775934542e-01
3.219033743289248517e-01
3.219333359089961433e-01
3.220834974075567070e-01
3.220705620305773786e-01
3.221071867550913681e-01
3.220719161999159308e-01
3.220915159436096853e-01
3.219185846154200004e-01
3.218216928416244293e-01
3.217469380022660030e-01
3.218042233762613558e-01
3.218490532078610578e-01
3.218652918385982442e-01
3.219538032871241406e-01
3.218031752437591764e-01
3.216561976578257154e-01
3.216471228801709992e-01
3.216353359238769416e-01
3.215350932481511603e-01
3.215364741926329817e-01
3.216977363231036113e-01
3.216133716366409989e-01
3.215977429315908798e-01
3.214584350945760005e-01
3.214648201672220540e-01
3.214680910577200068e-01
3.214069444956000887e-01
3.214599758902305648e-01
3.214341775333544038e-01
3.214151476440591515e-01
3.213924018173041630e-01
3.213049330313466623e-01
3.212892682954987533e-01
3.212608691556614882e-01
3.210555405142770380e-01
3.212119135302001771e-01
3.209871895680834752e-01
3.209580919209785166e-01
3.207724010918728275e-01
3.205740003318934828e-01
3.205607498879998740e-01
3.205975810474123167e-01
3.205071394336890811e-01
3.204044324915300002e-01
3.202921600717520412e-01
3.202117087126551964e-01
3.200606031968888376e-01
3.200302970204418895e-01
3.201442605341722758e-01
3.197519459704511458e-01
3.198126879043124426e-01
3.194589615267759974e-01
3.194038607623457260e-01
3.189981586848730788e-01
3.187238343062879231e-01
3.181822844432016240e-01
3.178409092612115017e-01
3.172761064380403284e-01
3.172515269028162166e-01
3.167461672932823102e-01
3.165855786255500348e-01
3.159363239050074768e-01
3.162486034025961956e-01
3.154436040937103614e-01
3.152820660443934608e-01
3.149562413587307930e-01
3.142881716461707331e-01
3.131409157974394120e-01
3.129070954815187933e-01
3.116783951550639586e-01
3.113267028075120124e-01
3.097794965371279963e-01
3.095188938565751058e-01
3.083069830675161938e-01
3.063104695431649316e-01
3.051708590528959819e-01
3.048563054216589241e-01
3.043805709480691957e-01
3.040287751569698549e-01
3.037316467784669793e-01
3.034325244602645300e-01
3.026540170582877054e-01
3.017579182135401439e-01
3.033852354334157231e-01
3.039919875366526858e-01
3.046173928665319441e-01
3.041014790079113461e-01
3.043512785729392545e-01
3.046236374906084454e-01
3.046063864425234136e-01
3.044774987646609032e-01
3.046748937489016651e-01
3.048202496077511148e-01
3.047536821115126582e-01
3.049369045169916248e-01
3.050910928767755492e-01
3.049934581738775186e-01
3.048973300108755446e-01
3.063319924688303608e-01
3.065281081843094779e-01
3.071981424144596406e-01
3.073313766718326900e-01
3.069989445253795135e-01
3.068029498977797309e-01
3.066681302227501904e-01
3.068039785337292602e-01
3.068165476469765229e-01
3.066151076634442973e-01
3.068424701548647660e-01
3.073585455154892454e-01
3.071385464396079179e-01
3.073913319207495776e-01
3.076741075232898859e-01
3.081394474111837645e-01
3.082289309136288513e-01
3.082449460733822644e-01
3.087300677121713743e-01
3.090993604965612818e-01
3.090420661366425348e-01
3.091805484177989616e-01
3.098090773206748083e-01
3.091176459801285303e-01
3.092983231208523143e-01
3.092502226832086754e-01
3.086557283415920505e-01
3.084948301755791045e-01
3.084902425799944115e-01
3.088343352741375059e-01
3.090180864385083104e-01
3.097522653134978654e-01
3.101471007406234048e-01
3.089682204742703608e-01
3.086545821796548017e-01
3.092465544969774660e-01
3.090855224927244738e-01
3.084064362458730502e-01
3.089558558476040440e-01
3.092785555707608935e-01
3.103921554934434557e-01
3.095752092581796622e-01
3.092049227381241661e-01
3.106242525549184341e-01
3.104020640603289416e-01
3.100466812987612841e-01
3.097022406311619180e-01
3.107859409046194732e-01
3.101649336863896433e-01
3.100627596759371052e-01
3.098268161443233359e-01
3.094522380097633474e-01
3.099015748030655160e-01
3.089170395256363166e-01
3.077288706777946414e-01
3.080377919419922672e-01
3.076687482379701910e-01
3.074852238280249561e-01
3.059657696349175060e-01
3.055848743025703640e-01
3.046883654497654081e-01
3.049712691695172784e-01
3.056261141153226446e-01
3.060506135508924141e-01
3.066958542375134433e-01
3.071382040696197246e-01
3.051087449986523703e-01
3.041358454885532692e-01
3.025736218996044058e-01
3.022068417530491269e-01
3.017175843528843715e-01
3.020110360363894575e-01
3.021144638227635237e-01
3.033022803651936328e-01
3.038185287095480636e-01
3.023232964290742952e-01
3.021098478922785713e-01
3.010364144372500439e-01
2.999382303723127641e-01
3.006025315847955515e-01
2.984532220930806168e-01
2.989444619490676525e-01
2.989623255602552043e-01
2.994932692099763205e-01
2.988970795367639210e-01
2.965218501387648087e-01
2.940928868342018165e-01
2.943751545093598043e-01
2.932793433495025082e-01
2.921001412007810383e-01
2.947925131302797652e-01
2.939609625689696415e-01
2.965916161551805375e-01
2.949270161209777696e-01
2.987492151384906758e-01
2.978416009229216677e-01
2.975467620561047521e-01
2.956606855490767072e-01
2.955111510955709675e-01
2.954711473147771383e-01
2.931464442018575367e-01
2.921998647775321811e-01
2.915316402509186000e-01
2.910117586695392111e-01
2.933090586643583020e-01
2.936209246778168636e-01
2.945188842010735830e-01
2.939290202039193112e-01
2.929535839710986633e-01
2.930090643829095787e-01
2.940519099683507886e-01
2.927614476616824390e-01
2.919042417748269336e-01
2.912870644284367150e-01
2.909453228537602354e-01
2.911329546655932465e-01
2.901167870365520818e-01
2.916240667479060855e-01
2.905214317778274657e-01
2.900361539115500209e-01
2.904488800207493671e-01
2.900103776895091023e-01
2.901250300486521438e-01
2.905747806800791921e-01
2.907419540555539195e-01
2.896528355262408816e-01
2.900281864065419324e-01
2.904517640264070999e-01
2.896746027878282503e-01
2.906457103130840047e-01
2.903439349038448580e-01
2.913487315171854886e-01
2.909049040589785640e-01
2.927673235996373080e-01
2.938059645501299721e-01
2.915756990379211877e-01
2.935541955370009060e-01
2.918708447214244384e-01
2.895515830085325093e-01
2.892146068229373701e-01
2.916351616426021143e-01
2.907765050523544170e-01
2.902149319521589166e-01
2.897672682102879205e-01
2.922497822099305309e-01
2.921383025891941543e-01
2.919863770993757490e-01
2.926523179208486147e-01
2.935833853366057733e-01
2.933321688881438960e-01
2.930796266612480938e-01
2.939066873004145264e-01
2.936136797672077026e-01
2.948702795334756654e-01
2.961674865593726391e-01
2.975687017565217807e-01
2.968116958493864921e-01
2.964981798004956981e-01
2.951686988818759683e-01
2.956228927531529549e-01
2.961223424467455123e-01
2.949203702740025856e-01
2.932116102518008693e-01
2.916630426122684416e-01
2.926093363442596185e-01
2.914097570370834389e-01
2.899607474975048338e-01
2.894020013159921967e-01
2.892208189859555301e-01
2.893465945518015059e-01
2.891564330367800140e-01
2.883706642602753001e-01
2.886468888381938935e-01
2.884588116418050352e-01
2.898268951820641703e-01
2.915003330489394084e-01
2.928036591787372411e-01
2.913338603250651970e-01
2.930041380190462896e-01
2.926505644654012750e-01
2.896396523957570635e-01
2.882035107979464827e-01
2.879392556896790967e-01
2.877808009398316602e-01
2.876038286641496300e-01
2.891024513133838569e-01
2.901502972263922397e-01
2.915923162316665929e-01
2.923424665369537268e-01
2.906432758623866408e-01
2.886273506742000894e-01
2.891437088530721677e-01
2.878929181273330307e-01
2.919665829583187877e-01
2.917170532501568991e-01
2.915008872265850148e-01
2.901838100494195105e-01
2.902495995180468524e-01
2.926961123248190688e-01
2.915422367407080051e-01
2.930743846736007518e-01
2.919691437481030105e-01
2.930409053315924939e-01
2.928725873264272361e-01
2.913258535911721347e-01
2.913870148550630756e-01
2.902026588677070196e-01
2.896622673166295847e-01
2.923516825916294692e-01
2.933214928119173281e-01
2.936234042244244002e-01
2.940379632828713508e-01
2.947341437732736158e-01
2.957615605896463107e-01
2.957208470947472745e-01
2.945879957911834435e-01
2.948639382809100651e-01
2.940970814318972781e-01
2.929009439545784965e-01
2.931807370089221099e-01
2.939314108135097636e-01
2.942251317833921020e-01
2.931894074277546780e-01
2.942990340640499469e-01
2.927720340136313881e-01
2.912941758107365775e-01
2.909857727179300801e-01
2.907534207331429199e-01
2.905232486917873058e-01
2.914145515712633361e-01
2.911424218204089476e-01
2.909987656534833156e-01
2.915880791845158471e-01
2.912586431536870468e-01
2.903283606579361575e-01
2.904726877644939198e-01
2.907954574578871521e-01
2.908093368195640571e-01
2.929642395398797672e-01
2.947517963287810128e-01
2.939133016162819856e-01
2.936907126522746991e-01
2.934977209091353401e-01
2.939191197503773223e-01
2.971212284351399946e-01
2.971527485365985100e-01
2.975063301565241125e-01
2.975203426888157754e-01
2.981380362354928981e-01
2.979748312214299810e-01
2.977765928005551843e-01
2.978015677451300025e-01
2.978691751559236489e-01
2.972791056210789540e-01
2.980611016183011275e-01
2.979484066664718767e-01
2.965741879926803160e-01
2.948724822724462791e-01
2.963704321433821010e-01
2.952690254556729066e-01
2.941288866662186696e-01
2.941157894874986689e-01
2.946947041561519542e-01
2.939106317749931030e-01
2.943175904604602988e-01
2.949465132255688071e-01
2.939028839375635305e-01
2.943269488752112140e-01
2.932858059757146862e-01
2.940475020246001714e-01
2.953066927936358610e-01
2.972882811322094532e-01
2.968023674687981783e-01
2.958100992249294570e-01
2.932969760359661060e-01
2.907645046176751125e-01
2.873291955213703730e-01
2.859958966792155444e-01
2.850426234979093754e-01
2.850072061600279483e-01
2.825295504832671112e-01
2.815496329740447279e-01
2.850276568564295010e-01
2.841564350295588404e-01
2.842792799139891580e-01
2.826969180677458837e-01
2.841801700863033076e-01
2.822715491593371651e-01
2.831811477769973218e-01
2.819681642690707868e-01
2.812929899389188804e-01
2.847568016147005721e-01
2.833705942401926747e-01
2.865031286925442955e-01
2.896919853237629461e-01
2.882732958105855836e-01
2.878720933665254167e-01
2.864396509288324455e-01
2.822278539828106392e-01
2.794562441578697376e-01
2.813551488531663702e-01
2.819224090627154844e-01
2.808690074248510471e-01
2.794493491776667837e-01
2.806465702150574559e-01
2.797647008094201748e-01
2.784203189439013459e-01
2.799017448488944626e-01
2.782858916174264508e-01
2.780117798883367519e-01
2.788476742449445545e-01
2.811493436318057704e-01
2.788003701097401810e-01
2.756075759208745368e-01
2.729631041099377931e-01
2.763367947569100314e-01
2.761810720605281100e-01
2.763427392287794992e-01
2.757651797366753033e-01
2.762593389817868395e-01
2.754161208136536865e-01
2.757187804288331323e-01
2.765705120496210201e-01
2.812543430002139577e-01
2.880075264181203853e-01
2.840933034479881658e-01
2.836705449500840359e-01
2.894203214066661256e-01
2.875201240346583753e-01
2.867225252216329401e-01
2.861454726044840857e-01
2.838898577869793383e-01
2.853844056170448673e-01
2.895909884908947629e-01
2.868505601206478572e-01
2.846092187277980412e-01
2.829407608029110288e-01
2.834514548350905994e-01
2.813917535751911947e-01
2.811703394416600887e-01
2.761790139238931019e-01
2.755646952345602307e-01
2.772396947236314135e-01
2.806434872766040978e-01
2.766598686726574607e-01
2.773197010155663556e-01
2.755668104971083499e-01
2.754544206649904292e-01
2.779541757606474039e-01
2.728134668616732372e-01
2.698375063438646637e-01
2.751907522285811369e-01
2.702927858300562258e-01
2.747661842702697199e-01
2.749569071675641574e-01
2.697079707714834518e-01
2.671768748977865204e-01
2.714131566335838963e-01
2.730398056157629649e-01
2.668657980639895788e-01
2.661650569866385596e-01
2.718556460325565194e-01
2.680801368176905508e-01
2.693878868824901573e-01
2.649145441355015840e-01
2.683789843197139091e-01
2.709201068023313619e-01
2.721780011070346061e-01
2.759058659942209002e-01
2.736483913639084498e-01
2.768863836264659484e-01
2.802984933594766526e-01
2.776411580169418358e-01
2.817936154104399016e-01
2.760868108450749148e-01
2.723340325003126838e-01
