6.678198225674154553e-01
6.684009944745821219e-01
6.685436342260802078e-01
6.681343920894008415e-01
6.684376630603624525e-01
6.684820272629686810e-01
6.685555775294137471e-01
6.682373160893585462e-01
6.681776042497921120e-01
6.678819671484281795e-01
6.677404614323283472e-01
6.675957612694398691e-01
6.676052154581976206e-01
6.679516003168294302e-01
6.682205792517474929e-01
6.679357941713034430e-01
6.677028887287982384e-01
6.675165230462173360e-01
6.677688520894511370e-01
6.678464745114842671e-01
6.677054347476164553e-01
6.673421083146411359e-01
6.671710148333545032e-01
6.668933756461702389e-01
6.662497164518101922e-01
6.657806639811336691e-01
6.654222436330808899e-01
6.657589428858007308e-01
6.655691134637394812e-01
6.658698836922509745e-01
6.657494188207601082e-01
6.654136772420718993e-01
6.654515131135250172e-01
6.653677170288351261e-01
6.652592473413234675e-01
6.652969460504251087e-01
6.646504688818490880e-01
6.641367649155422992e-01
6.643049992910734503e-01
6.641362539407384968e-01
6.636132781032300088e-01
6.639233319676778322e-01
6.640491810510886772e-01
6.635772082811509653e-01
6.632253433598137571e-01
6.631343646524309188e-01
6.626704044151254802e-01
6.629325039647180340e-01
6.625380747949171090e-01
6.620734140063186945e-01
6.619729100759397245e-01
6.618677629343436841e-01
6.617210322295613567e-01
6.603715409650582346e-01
6.601330829417441093e-01
6.597340467236847417e-01
6.593593690800289009e-01
6.596005953723742543e-01
6.594339204592198911e-01
6.581309068728438127e-01
6.565469198853910449e-01
6.561829517370862952e-01
6.563895028587073410e-01
6.558148079238875772e-01
6.553682347845551925e-01
6.550303931255802015e-01
6.544694010489782166e-01
6.534472508194663076e-01
6.529491901201051052e-01
6.525537906377383290e-01
6.523127989152154305e-01
6.520566911724344772e-01
6.514273130264427447e-01
6.513876254994664938e-01
6.511539663647935017e-01
6.503673070302931070e-01
6.494073760819073504e-01
6.490800921067118034e-01
6.485357839740587549e-01
6.483414652432060166e-01
6.474789418713506883e-01
6.466114968541317731e-01
6.460500356607050687e-01
6.442470282259393777e-01
6.440722056960703767e-01
6.429008907582584031e-01
6.405184243936805633e-01
6.406184593188503085e-01
6.395899767996259255e-01
6.391252336341437523e-01
6.386200685830597523e-01
6.385112673141792872e-01
6.381561643587686516e-01
6.380698146611692989e-01
6.341418886463143778e-01
6.334104916872413948e-01
6.333561852379905321e-01
6.323053633311696009e-01
6.300619256493699138e-01
6.276093841211590751e-01
6.281959575888202973e-01
6.267553076763074937e-01
6.255833881164085675e-01
6.249750503149765768e-01
6.242803939807185509e-01
6.254128308534188108e-01
6.246528555336342547e-01
6.237104593046579604e-01
6.233847176302936832e-01
6.226862861877265898e-01
6.213717023424452091e-01
6.200560831943459084e-01
6.204474302464261237e-01
6.192149364799510725e-01
6.195135913034888198e-01
6.182727388466719987e-01
6.144136297281587167e-01
6.104751632679917828e-01
6.116234765061414613e-01
6.093562531160475748e-01
6.084635819280157509e-01
6.085991004857271847e-01
6.060569325915943217e-01
6.067401269708577738e-01
6.049755875403799443e-01
6.036304093920581426e-01
6.004965943696914943e-01
5.999411184177942946e-01
5.983161882807840337e-01
5.945613621027854290e-01
5.940601792417551374e-01
5.920665868816232802e-01
5.909881685072995161e-01
5.891555768582400487e-01
5.851380835418283910e-01
5.863474314130844300e-01
5.842716862722795446e-01
5.852491801269744665e-01
5.826901615708404147e-01
5.797959115644711892e-01
5.779872494587630083e-01
5.777557978458635057e-01
5.781172005089723065e-01
5.753665536033765182e-01
5.726394496612982055e-01
5.694872972817963674e-01
5.611935641516619944e-01
5.596220871616470749e-01
5.565482830721116825e-01
5.572579143263076684e-01
5.553103007767884458e-01
5.563292880847555688e-01
5.514598211282177864e-01
5.546055994300966852e-01
5.562459518722167040e-01
5.490131318663082904e-01
5.495834825021296277e-01
5.414812966156967722e-01
5.370244585102899038e-01
5.329173226520635964e-01
5.324290421234679771e-01
5.266525672469370978e-01
5.251535469978964032e-01
5.229897742040873210e-01
5.234785254258222942e-01
5.219416861228232118e-01
5.227820307651532827e-01
5.222917292119232391e-01
5.234158142997051844e-01
5.261294553838870014e-01
5.317463388802187163e-01
5.294925279596638390e-01
5.325894300856020003e-01
5.299191707915243965e-01
5.350675704120815279e-01
5.437519279387079685e-01
5.389063974125020140e-01
5.168924811530236640e-01
5.101156553905485946e-01
5.149366636127419294e-01
5.107277319091670931e-01
5.100464715649767333e-01
5.136844142556979964e-01
5.099019011507299748e-01
5.066233700866860090e-01
5.060043011826766968e-01
5.036852811562070320e-01
5.032244027532911668e-01
5.110876007439528745e-01
5.029639425184059265e-01
5.038759484885754203e-01
5.045154513452057010e-01
5.023630360130839634e-01
5.030830219485555865e-01
4.965298548895840658e-01
4.910901064712639985e-01
5.004657849824685201e-01
4.989403297458510633e-01
4.978622640322413195e-01
4.996104930483313278e-01
4.944984122718246167e-01
4.938788083087963243e-01
4.879133405128150414e-01
4.899461329116208685e-01
4.869763122658291032e-01
4.785417073791187748e-01
4.766079245641056117e-01
4.777250752332695694e-01
4.837076004142485952e-01
4.867542475571426386e-01
4.787811764733178599e-01
4.989465559026667330e-01
4.969580557254434372e-01
5.051969146335738570e-01
4.971226965316548618e-01
4.925947904479706652e-01
4.960122771052044022e-01
5.103355293839848539e-01
5.167034758280397710e-01
5.133342675308243397e-01
5.049762798932565522e-01
4.897086910518473890e-01
4.860483491063516959e-01
4.819955277553733541e-01
4.738102990200739884e-01
4.667542004109304643e-01
4.860156423431445938e-01
4.826047753898856096e-01
4.659322520706460913e-01
4.644413879214321916e-01
4.823583708553670357e-01
4.774976023344997267e-01
4.862202601231442878e-01
4.923852881407870807e-01
4.860335177554128694e-01
4.911390409784810451e-01
4.839884753725135491e-01
4.826382672928544726e-01
4.812495567540447938e-01
4.333865236705892188e-01
4.152145015866757771e-01
4.232204425829378391e-01
4.182502742001849017e-01
4.457126459298863530e-01
4.294355061088147019e-01
4.276530244394952107e-01
4.208928669496744268e-01
4.212862563906684676e-01
4.254173903944618584e-01
4.211192007679929739e-01
4.292478312715073963e-01
4.593618371885991869e-01
4.460139621057205850e-01
4.387918194210762013e-01
4.241862159054797243e-01
4.274860853197978150e-01
4.805519241593188551e-01
4.805833708101219237e-01
4.537800189636579384e-01
4.148758850109472984e-01
4.277995103981424574e-01
4.478521137509796080e-01
4.448399161471385810e-01
4.057487200355565093e-01
4.009762790696693169e-01
4.067132459509598674e-01
4.134393297237897724e-01
4.128406635877652220e-01
4.365541747250971660e-01
4.202377172821835094e-01
3.963913017848900155e-01
3.980158921409597816e-01
3.774371030647879488e-01
3.724354303929994225e-01
4.052386302062913614e-01
3.733660768800523000e-01
4.018103014801281403e-01
3.773884672645905214e-01
3.809318932415414749e-01
3.932181708208699056e-01
4.061770924206924427e-01
4.580955925128118444e-01
4.412576941891423465e-01
4.025938729850596642e-01
4.062881799731177246e-01
4.056387405219881725e-01
3.760780276404378508e-01
3.755048157003983977e-01
3.845815624788495035e-01
3.866480908704379438e-01
4.046745698400218694e-01
4.187952683438127544e-01
4.480652181163051195e-01
4.401806795166224862e-01
4.602071989621041026e-01
4.770601519782377564e-01
4.660747217625148542e-01
4.576677597764584049e-01
4.265445933722645799e-01
4.186374618795035141e-01
4.164342705202169204e-01
3.949100155209802621e-01
4.401545066613377633e-01
4.204360825480319974e-01
4.188345684717879047e-01
3.967307276583521558e-01
4.279061273834884327e-01
4.255738306839190743e-01
4.244063372555452740e-01
3.895764284363832930e-01
3.906513980411268627e-01
3.668196209028953270e-01
3.685186283083860537e-01
4.002486593032719142e-01
3.679655152757601577e-01
3.995665456749735722e-01
4.868774205367762953e-01
4.437876571238802970e-01
4.007433270538479642e-01
3.669896463405156184e-01
3.820493555376448525e-01
3.904460839474052092e-01
3.656586396841771669e-01
3.821851717290274397e-01
4.170798810635752418e-01
3.810516408997523530e-01
3.937140957614316261e-01
3.810295765831191450e-01
4.218824520051418503e-01
4.035103506154397168e-01
3.927683464545088099e-01
4.053473037275767132e-01
3.907981765719195089e-01
4.074237242678941939e-01
3.869691259205935707e-01
3.863563673260965170e-01
3.582530907346477833e-01
4.264825108053290070e-01
3.876307515790674008e-01
3.579760581065071778e-01
3.875527039101101523e-01
3.902330229934698469e-01
3.898391295645318722e-01
3.716044329814110481e-01
3.776461562178921594e-01
4.042255211677944771e-01
4.118906792729859490e-01
4.025555668584188673e-01
4.121935025441615386e-01
3.087316194008017378e-01
3.084765738696150783e-01
3.564107760437176808e-01
3.292089728665413828e-01
4.066690648935841201e-01
3.439385676112174384e-01
4.289538339837842829e-01
3.746885288442411421e-01
3.282377388039369737e-01
3.520375361830445637e-01
4.113155743862702551e-01
3.926173148198889851e-01
4.534539650128212585e-01
3.637385824049367278e-01
3.691400391849801177e-01
3.682352810282881195e-01
4.065752595160204708e-01
3.667869367455273144e-01
3.463420262967094043e-01
3.492768560786642107e-01
4.357789858511305070e-01
4.107848863526484262e-01
4.547116627597057592e-01
3.838759390168349217e-01
4.011316148292344841e-01
3.812752666883554298e-01
3.763274397403152949e-01
3.423763878050491427e-01
3.333971429006868381e-01
3.746475952268225051e-01
3.997606980622918638e-01
3.976937012137073402e-01
4.411189327259572579e-01
4.023444582835590255e-01
3.253575362621056732e-01
3.165809848816577010e-01
3.224694105022889445e-01
3.581801996411225208e-01
3.734064393970383255e-01
3.765944435194587547e-01
3.599828053494684710e-01
4.056831675049321073e-01
3.391024384458238838e-01
4.495678610113033602e-01
4.013978613348361257e-01
3.878619980006498547e-01
3.184970055674964939e-01
4.356658684710481011e-01
4.004128371538897557e-01
3.814222010349140324e-01
3.919805015753384803e-01
3.354038129689960734e-01
3.794906434089980740e-01
4.027963613146837707e-01
4.377238022980319276e-01
4.750982370684886935e-01
4.791702009208693158e-01
5.152259597173417527e-01
4.220108505988702241e-01
3.114371776600277086e-01
3.367359464168799277e-01
3.438415427952991599e-01
3.729177821251740133e-01
3.862543762394952673e-01
2.998589807124132367e-01
3.871009409163969073e-01
3.593834500036813262e-01
3.049602210533522428e-01
3.596029955165202519e-01
3.763022275719734022e-01
4.049889726779648536e-01
3.459149339307663884e-01
2.087260853396663007e-01
3.707619752893935305e-01
3.411130379726726169e-01
2.968232198129854837e-01
2.830300278727133079e-01
3.896756333530798089e-01
2.814581019919789595e-01
3.525470488902200938e-01
3.475543876014371980e-01
2.976460073681215235e-01
3.847666953115128630e-01
4.482958318992040225e-01
4.089993467088838264e-01
4.184584309351976894e-01
4.675301191792364253e-01
3.378266607081658046e-01
3.873209213327224454e-01
3.962277428778169241e-01
4.316680166086683812e-01
2.793616213214797916e-01
3.650618630212029148e-01
3.426882422404506356e-01
4.181165875554233025e-01
3.893906466471824257e-01
3.114643067260307596e-01
3.184079551092137139e-01
3.458124884525703990e-01
3.663081778597689908e-01
2.659252896751505557e-01
2.256307702049260566e-01
2.978596282250284832e-01
3.871969809082717595e-01
3.919253105501308010e-01
4.551950730809231627e-01
4.389564699423442184e-01
4.933611343725135545e-01
4.123809863495567773e-01
3.380901791510443344e-01
3.586189779843252934e-01
4.026518329276553843e-01
4.793815831047972820e-01
4.165048920155273726e-01
4.645378908247428384e-01
4.652870258021534755e-01
4.356461601056714761e-01
3.789733874844685158e-01
4.309305492890333489e-01
4.017345022914778907e-01
5.253523597592409944e-01
3.442299143186147714e-01
4.446518463153061318e-01
4.459040496396061148e-01
2.937536390549854159e-01
3.826036193018812481e-01
4.817203861809792320e-01
3.552213132125617290e-01
2.977340263027371536e-01
4.310412754063819296e-01
4.593951958873702113e-01
4.314796238062149070e-01
2.776642017293970977e-01
4.017400747669453986e-01
3.820019286140907133e-01
3.113285049125382176e-01
3.924899762108417511e-01
3.794271476625873940e-01
4.034894348773347406e-01
2.553293854953692654e-01
4.561999941844734341e-01
3.121735677781279916e-01
4.015674414131967240e-01
4.622053709032608593e-01
4.315404341332961802e-01
3.532873897079737979e-01
3.431083784015048765e-01
4.053946012391679843e-01
5.388030620638174506e-01
5.409088950252909367e-01
4.882170423304536544e-01
