1.614411987067561061e-01
1.615917287389128654e-01
1.616053762085030154e-01
1.613570788595561356e-01
1.615284708968113825e-01
1.615263387371587422e-01
1.615440719950546611e-01
1.614135600456749475e-01
1.614060295717811844e-01
1.610983486580768176e-01
1.610282676305012650e-01
1.608819191934210968e-01
1.608820729064450727e-01
1.608828797354307227e-01
1.609075265773354801e-01
1.606569638847998582e-01
1.604584707012600142e-01
1.603489701029457426e-01
1.604212031283081263e-01
1.604745818320965633e-01
1.604064498123842220e-01
1.601984222525383028e-01
1.599724802978849114e-01
1.598061488790623319e-01
1.595147192185727425e-01
1.593197990136602238e-01
1.592395829495073800e-01
1.592863840263847031e-01
1.591900797219361063e-01
1.593763154457253084e-01
1.593155933847725525e-01
1.590833365512567266e-01
1.590805238343523387e-01
1.590184844007931086e-01
1.586486379332257279e-01
1.586456031528152011e-01
1.584063587520183891e-01
1.581951634080072389e-01
1.581325174764114661e-01
1.580708221685103165e-01
1.578723541141029141e-01
1.580694397476522794e-01
1.579700600867138538e-01
1.578216959998307301e-01
1.576976033259423760e-01
1.575239006892897586e-01
1.573468528264289623e-01
1.574810830814266649e-01
1.572940491285525211e-01
1.571299957097903599e-01
1.570385302167203456e-01
1.568237294016773808e-01
1.567925214046310411e-01
1.562616396837469002e-01
1.558471881771594236e-01
1.556397822938749842e-01
1.554937432518636864e-01
1.558315206925756646e-01
1.557675381042564755e-01
1.552310235507702585e-01
1.545234881106151981e-01
1.541886151984048492e-01
1.542931628985236003e-01
1.536267890893571186e-01
1.535044064512906814e-01
1.533320495922252114e-01
1.531287989913411030e-01
1.528112573508034755e-01
1.526658624052692481e-01
1.525339021095995784e-01
1.525586866951504361e-01
1.524942074609763609e-01
1.522965521273418887e-01
1.522266836776882404e-01
1.521306932282856794e-01
1.519043580618987810e-01
1.517029895992750288e-01
1.515107487928261942e-01
1.508844818557862066e-01
1.508612052731587438e-01
1.506422232683228279e-01
1.506111657901142709e-01
1.505072975248080980e-01
1.500043917760690015e-01
1.500812020272508374e-01
1.497386736523077522e-01
1.490474082783297405e-01
1.488902483280805378e-01
1.486708076507090304e-01
1.486751672854623729e-01
1.483524365237345322e-01
1.484224623278493360e-01
1.482845365643256363e-01
1.482581982335816340e-01
1.471477172227441399e-01
1.466245618158559250e-01
1.465862141677336250e-01
1.456666588724907230e-01
1.450177994234184975e-01
1.445297030064198462e-01
1.451046358102262013e-01
1.446726064522687871e-01
1.446780646117603597e-01
1.441313265843832403e-01
1.438994312209661841e-01
1.441305179483938215e-01
1.439248829958512665e-01
1.437024655205266788e-01
1.435471278821487395e-01
1.433865539483815676e-01
1.430560355392987426e-01
1.426502040779380476e-01
1.429947779219772896e-01
1.425511302593061025e-01
1.427506602865134533e-01
1.430442916386083230e-01
1.420876255769789875e-01
1.412279624446197424e-01
1.413051689180624404e-01
1.409230129619964689e-01
1.410238419631847928e-01
1.410976536546197924e-01
1.405151459103138045e-01
1.412677928443910325e-01
1.408333964436329633e-01
1.404515531915735416e-01
1.400129647308241132e-01
1.406457008909580142e-01
1.400107141149909418e-01
1.390576795606217331e-01
1.394148562553237658e-01
1.385260904267559545e-01
1.379088060082732381e-01
1.369483846965910412e-01
1.366712688381143959e-01
1.370138837653379627e-01
1.362659808338416434e-01
1.371167359543000452e-01
1.360126047298751972e-01
1.359085201689747835e-01
1.365213943173545497e-01
1.375543733478566955e-01
1.374040219410551655e-01
1.380652731185372517e-01
1.369806207221191952e-01
1.368139868754212896e-01
1.369359042110547819e-01
1.366713072547277585e-01
1.364831965458258856e-01
1.366140773660032837e-01
1.375473599061798058e-01
1.385298159634537896e-01
1.384989922087626613e-01
1.391746238160748439e-01
1.400694224980932323e-01
1.418901623041982640e-01
1.417357479187078273e-01
1.431038051085358753e-01
1.439779484815318089e-01
1.434285404300155997e-01
1.425655482710939670e-01
1.453721389457858226e-01
1.454510115337296072e-01
1.445610232648277260e-01
1.435961294025428492e-01
1.431677349927430176e-01
1.426152322819568552e-01
1.435364545358763788e-01
1.435269974457570319e-01
1.430878621711774434e-01
1.422977582044009370e-01
1.421226972395812360e-01
1.399986779318874164e-01
1.398935055989597998e-01
1.403581808704729150e-01
1.410293452949349657e-01
1.409732938582944350e-01
1.431847687659059121e-01
1.421495568365810924e-01
1.451746256269699775e-01
1.431177457689994381e-01
1.425960343092004534e-01
1.438148906732626409e-01
1.423000680127740614e-01
1.431712099533017091e-01
1.424280605947277900e-01
1.406898673336699490e-01
1.421821061981962397e-01
1.421640443496113571e-01
1.415182921923157644e-01
1.418821958830895347e-01
1.410491185796070857e-01
1.408209435509935326e-01
1.406771632371837943e-01
1.404357047612775078e-01
1.400506842808313113e-01
1.403258299613504290e-01
1.409056920618635411e-01
1.395776129544107069e-01
1.400870534835825798e-01
1.396249938742160079e-01
1.386596251518288359e-01
1.371713461841281012e-01
1.380584828887226334e-01
1.374641824903421461e-01
1.370017833775271643e-01
1.364391989978612774e-01
1.354192388300343164e-01
1.364515120255217207e-01
1.368393358067592491e-01
1.361496017992546992e-01
1.349588785408873948e-01
1.359483731735008638e-01
1.364487014491621020e-01
1.383404297559808205e-01
1.388368167576653489e-01
1.382534137528367291e-01
1.348999793198317199e-01
1.359360189022255638e-01
1.346952476542703503e-01
1.341453169610997143e-01
1.373270442914069356e-01
1.387300675105134495e-01
1.395757860461496191e-01
1.382857940843258415e-01
1.380560057061524515e-01
1.383570466158060286e-01
1.373304014425345831e-01
1.360704217233637825e-01
1.358024052258871017e-01
1.296173015845047960e-01
1.286887401185242141e-01
1.268102077511981951e-01
1.280609988578653990e-01
1.273585649748802118e-01
1.282974446011839187e-01
1.293655382517013008e-01
1.293956623038046705e-01
1.283470039487757675e-01
1.337465981144968230e-01
1.361605871087896713e-01
1.343511016876829112e-01
1.348263066989611458e-01
1.336702895731407548e-01
1.360112007050850447e-01
1.340558958133534484e-01
1.374480653089807103e-01
1.339965289099440127e-01
1.282522519027221031e-01
1.293293457675409042e-01
1.308798408401732338e-01
1.234930739586491411e-01
1.242512804061890602e-01
1.309002159596877601e-01
1.330256035444219720e-01
1.347671203957863106e-01
1.289574887174215756e-01
1.290586120461745812e-01
1.332955504312227923e-01
1.389426399576723092e-01
1.336242861878601251e-01
1.303285666070682358e-01
1.280337335745431182e-01
1.307718739565979504e-01
1.288474396287626611e-01
1.277509701701446398e-01
1.261652437296993390e-01
1.264560905575150551e-01
1.256409435643398576e-01
1.276664322951228114e-01
1.328305130505767762e-01
1.354430563661085940e-01
1.364201402901551452e-01
1.363991838336033047e-01
1.307507432137235692e-01
1.315654705808624869e-01
1.317041685280297969e-01
1.317980040479579396e-01
1.344384303966933703e-01
1.345351908562033572e-01
1.324692867591384382e-01
1.280701602515112170e-01
1.303301328244285406e-01
1.317076115374727907e-01
1.285634768734786881e-01
1.252344427164986673e-01
1.336999173281070430e-01
1.395791532759991793e-01
1.381396954510337449e-01
1.359052749577014108e-01
1.317132134624852957e-01
1.274976674721625680e-01
1.268586426348135288e-01
1.287124686004215979e-01
1.297803225589524434e-01
1.297332949906698230e-01
1.331063524663400333e-01
1.313490875160809868e-01
1.318967666063063926e-01
1.291035969216773605e-01
1.269222895322000555e-01
1.379275177682125764e-01
1.304582578060524134e-01
1.398139497618206828e-01
1.404961310984984557e-01
1.415690351869380581e-01
1.394444725404787311e-01
1.386709691481281537e-01
1.397314813996943517e-01
1.368438746249004134e-01
1.373702558803548412e-01
1.490441406343323005e-01
1.494676161606419695e-01
1.457597890395673779e-01
1.563952925203422051e-01
1.533907916522856685e-01
1.417813253311034083e-01
1.463187129499253225e-01
1.550421208738222700e-01
1.546409400513347743e-01
1.553177414239122200e-01
1.573870514998936820e-01
1.552840228684999602e-01
1.499803613835172800e-01
1.392850449659074341e-01
1.456785854782110812e-01
1.456340426011611677e-01
1.402930015483508930e-01
1.401717110665793853e-01
1.448304404876548379e-01
1.426383316379520039e-01
1.398960230600455601e-01
1.410966425530354729e-01
1.385434689420763643e-01
1.466694115921176045e-01
1.453855897511679429e-01
1.485916446210819031e-01
1.389678498746410029e-01
1.433163055305390343e-01
1.407161928422444586e-01
1.359592063447317145e-01
1.360547284802685331e-01
1.370507502084093165e-01
1.404626916165410966e-01
1.405131079289548834e-01
1.407216711853853108e-01
1.384857450653010080e-01
1.443716268285069049e-01
1.390481877634531793e-01
1.547164194557154038e-01
1.575058777010069910e-01
1.467175665137761265e-01
1.481023775978829726e-01
1.302420056000355986e-01
1.460132499357313374e-01
1.326795649893705298e-01
1.436858912677952960e-01
1.461316546370358405e-01
1.440915010459492274e-01
1.348189866743842169e-01
1.393729316209958158e-01
1.349665028492604002e-01
1.447963251865733714e-01
1.462537755018340491e-01
1.455077762865150948e-01
1.428167535719954695e-01
1.435806847947716514e-01
1.501679818671456945e-01
1.393613405864523036e-01
1.271797579127058320e-01
1.287825894884283562e-01
1.326325746703298503e-01
1.339021785955762656e-01
1.348366567266158778e-01
1.483174469109021232e-01
1.356841369837836764e-01
1.478406365258931876e-01
1.435209611879028624e-01
1.385095233132470349e-01
1.365299635580120019e-01
1.362583654889282236e-01
1.326939473479349652e-01
1.308917713671182703e-01
1.494248984386943313e-01
1.591900002316597729e-01
1.496481913962530719e-01
1.441120369566339932e-01
1.408284234572580451e-01
1.467420137102704580e-01
1.466745865020926409e-01
1.403729352074051251e-01
1.541267289998767276e-01
1.362413395453022646e-01
1.456133978743859303e-01
1.506125173391301142e-01
1.669025898388843410e-01
1.413369260528870575e-01
1.433320619191447709e-01
1.448027153427347002e-01
1.385515531342968454e-01
1.581980716194040515e-01
1.521142478260617548e-01
1.491867742621330872e-01
1.408574651520397847e-01
1.407988710213660677e-01
1.475672618714816420e-01
1.458714254633394769e-01
1.458782970431561077e-01
1.589844313550818899e-01
1.660433327458648856e-01
1.660152990117308436e-01
1.618817306849386906e-01
1.579014893586904444e-01
1.782097986163810877e-01
1.593295387229977100e-01
1.638415284303217645e-01
1.738760013840876528e-01
1.634347069145846709e-01
1.563304092087555719e-01
1.505795532893249578e-01
1.635964601168489185e-01
1.930625561418107816e-01
1.551961094786219464e-01
1.509679890038059802e-01
1.549416359751890071e-01
1.626254939685488898e-01
1.465650524105630570e-01
1.668336837313013354e-01
1.504722376429723230e-01
1.502671390808415774e-01
1.521230375371892540e-01
1.275519145073907290e-01
1.319791846700423266e-01
1.256478248244587148e-01
1.396818592200457232e-01
1.331442451388092085e-01
1.383325097884987864e-01
1.326985736384244940e-01
1.395090581966081655e-01
1.373170730796400563e-01
1.653983365415155338e-01
1.447068290397722778e-01
1.559386826624474531e-01
1.420994757614554849e-01
1.405281102019358686e-01
1.672357959722147180e-01
1.573909942328164391e-01
1.507596182361833625e-01
1.505950058457345142e-01
1.662661049927909307e-01
1.705155413601314174e-01
1.457076265138986804e-01
1.362223396250173690e-01
1.312285433336586871e-01
1.278812827577315292e-01
1.255507609718911899e-01
1.255350914676775231e-01
1.311154536251928904e-01
1.386833253707540070e-01
1.397184174764067310e-01
1.354266728140851028e-01
1.290055082198899306e-01
1.369445887541628215e-01
1.349560222373372420e-01
1.349581761633052157e-01
1.426627494912064698e-01
1.441568937085986046e-01
1.290098628214532694e-01
1.311856125569194342e-01
1.265992391812049700e-01
1.399563085217201963e-01
1.291467169269187865e-01
1.297111171411313157e-01
1.646072627258859944e-01
1.420699013883696404e-01
1.277045697440512273e-01
1.544830993748660120e-01
1.491151369873523480e-01
1.316770301665243781e-01
1.320774114152494794e-01
1.418451930860390453e-01
1.531693366420360525e-01
1.304479950864241566e-01
1.428283091427682006e-01
1.542835255201973621e-01
1.393581501859821048e-01
1.393860780431351032e-01
1.319100344529812452e-01
1.553679417613734459e-01
1.305684547713530652e-01
1.547527642262125913e-01
1.324397961423899039e-01
1.288445300819957284e-01
1.285563096769781755e-01
1.347508339283135792e-01
1.466450654644430862e-01
1.366010007891997613e-01
1.307617826254824089e-01
1.406077416269367331e-01
1.321117025885969465e-01
