2.283642412655568499e-01
2.283762309731513229e-01
2.285238932267213419e-01
2.286535863001506463e-01
2.287035928341139557e-01
2.285190324812217399e-01
2.281833939195185845e-01
2.279236027672604248e-01
2.274292312067831834e-01
2.274621618926113142e-01
2.275481462597756521e-01
2.275707075197866969e-01
2.275928885325185225e-01
2.278593699211182155e-01
2.279588691033259673e-01
2.279923664449006460e-01
2.286474946042280354e-01
2.285500167513674907e-01
2.285661831693963641e-01
2.286124230311965821e-01
2.287743383555893295e-01
2.286588807157005909e-01
2.286657152682137761e-01
2.283123293850445601e-01
2.283291990528043547e-01
2.281174434436548659e-01
2.278434276208042009e-01
2.279017892905004228e-01
2.282050628798861502e-01
2.281055964358768562e-01
2.281796192302638082e-01
2.281782047945725700e-01
2.281533768320129218e-01
2.279744818146369201e-01
2.279663167656654221e-01
2.279611607380662708e-01
2.282435559103323242e-01
2.282896813627716959e-01
2.283185824359980076e-01
2.285530911703747003e-01
2.284442641479942637e-01
2.283434430442841945e-01
2.283414910276042320e-01
2.283419031792180420e-01
2.282723640225969297e-01
2.282811950548673252e-01
2.284451613243409784e-01
2.283730580630462803e-01
2.284003926526621542e-01
2.282783046773995683e-01
2.283161981476382607e-01
2.283399392984071519e-01
2.282825480816277897e-01
2.283141273106658042e-01
2.282986022208433607e-01
2.282799124087679654e-01
2.282531840855772098e-01
2.282062360639037502e-01
2.281046435075696766e-01
2.280796975349210498e-01
2.278771562694542063e-01
2.281108472067087944e-01
2.280883848674566117e-01
2.283126672471129659e-01
2.281092903263529648e-01
2.281491517247070389e-01
2.281526807620880559e-01
2.282475244579462714e-01
2.283279728345682380e-01
2.284756803003535619e-01
2.283720300378214996e-01
2.282867377989075686e-01
2.283672111228366164e-01
2.283724337746219357e-01
2.284935434572091251e-01
2.281767972109258469e-01
2.283650841173203994e-01
2.281620606404181906e-01
2.281351787248837582e-01
2.278798255911063109e-01
2.277807306610127314e-01
2.271907066021555954e-01
2.268933758718374993e-01
2.265118603757979021e-01
2.265062820697733292e-01
2.261799056390201845e-01
2.260884744345045827e-01
2.256239952635570312e-01
2.257494918793444272e-01
2.250622249277629827e-01
2.249786567378719015e-01
2.248247751546150197e-01
2.244274766815250732e-01
2.237092221531274128e-01
2.235917529715365781e-01
2.229690635801673260e-01
2.228009975784803198e-01
2.214103751993365399e-01
2.212581864811228594e-01
2.201680572081795018e-01
2.183314649731703527e-01
2.166431142715450620e-01
2.165497420846445031e-01
2.152230490380169503e-01
2.148142920032054259e-01
2.147466901083869284e-01
2.147379138704392509e-01
2.143830671702585955e-01
2.138242195476953156e-01
2.143031517937173114e-01
2.160140031799299143e-01
2.178122928233677813e-01
2.174234382688499945e-01
2.174479627976379503e-01
2.174980665876221908e-01
2.170905149576351223e-01
2.164615917133448642e-01
2.163919058353127867e-01
2.166875927702489879e-01
2.170101758503758249e-01
2.180595943677713366e-01
2.179124468654796143e-01
2.180343275623383426e-01
2.183561665432563470e-01
2.189230605868394408e-01
2.190430467921041791e-01
2.190291353587377476e-01
2.191107051633245373e-01
2.188880705004667415e-01
2.189974368709846908e-01
2.189682964996817471e-01
2.190560357794994473e-01
2.190059537596537875e-01
2.189920348570767450e-01
2.190980834348557060e-01
2.199938199987013510e-01
2.196291835564056494e-01
2.197482561591222183e-01
2.203647688239256108e-01
2.204385064660847882e-01
2.203908920364404944e-01
2.203895563532242141e-01
2.200757623105434324e-01
2.208170577380942912e-01
2.205287986344510731e-01
2.206163086889366132e-01
2.217639259330333734e-01
2.213172520754558836e-01
2.217469198314071244e-01
2.217185755279439396e-01
2.212818536999659469e-01
2.211124589829379650e-01
2.209666162411109414e-01
2.216399557095155293e-01
2.220060207812858399e-01
2.220608332218880765e-01
2.228227115511685896e-01
2.217147885294971643e-01
2.215070339737664207e-01
2.225381340765305305e-01
2.223784048038625893e-01
2.217202549598647210e-01
2.226598201161300861e-01
2.233345662135943210e-01
2.249517079761327032e-01
2.243952303825212102e-01
2.242982484403929222e-01
2.246493223994090183e-01
2.245374157041306606e-01
2.241847326436290366e-01
2.238517517533940016e-01
2.241465637767818542e-01
2.237965474536411370e-01
2.236254338245981521e-01
2.233200220156536797e-01
2.230745187599754986e-01
2.237943992869285970e-01
2.230351812182746196e-01
2.222204805476629963e-01
2.215719085059731919e-01
2.213414249751031460e-01
2.211878670589318141e-01
2.201545820052372704e-01
2.192574699190680543e-01
2.187308743966678570e-01
2.181285505124360702e-01
2.193027905226000995e-01
2.194825760728865705e-01
2.205504109508696908e-01
2.209319273610087786e-01
2.191490458285007548e-01
2.184272649005607747e-01
2.172440461490221797e-01
2.169615759821162393e-01
2.167693345651117431e-01
2.174022026499013716e-01
2.179140459585850176e-01
2.200253749426337724e-01
2.210561587318304044e-01
2.198569425756363993e-01
2.197375264722747912e-01
2.190999637157377000e-01
2.183643795789953490e-01
2.196620706578498450e-01
2.178855267698348031e-01
2.177546922667925877e-01
2.172479613527812936e-01
2.170204851722035422e-01
2.166710264467943403e-01
2.148640238011362835e-01
2.130822004292661498e-01
2.141937853451846563e-01
2.131881952458172524e-01
2.118289581799363275e-01
2.135666879412152774e-01
2.131403333983370174e-01
2.145387092438067467e-01
2.133007287109433547e-01
2.158028253347577807e-01
2.150383392921257630e-01
2.155086174223300455e-01
2.136319342301881696e-01
2.138667308502684439e-01
2.144210218856203720e-01
2.121645627685148361e-01
2.112998883291964114e-01
2.106807724288510819e-01
2.100896902003009103e-01
2.114043621543605922e-01
2.121462108412764669e-01
2.129207278697806127e-01
2.124502369919736289e-01
2.120784553724796573e-01
2.123911235280388499e-01
2.136048721877507883e-01
2.128038644673952429e-01
2.122356607080247703e-01
2.116619143619545840e-01
2.121847300891965549e-01
2.128096075988647751e-01
2.120824465635556544e-01
2.131291230959704852e-01
2.123353415296208024e-01
2.130836859506705649e-01
2.136517217503369204e-01
2.119924724720350373e-01
2.124802389129553659e-01
2.132891237049829858e-01
2.135254635209626606e-01
2.124344678084643390e-01
2.123329437988529245e-01
2.130407320315897968e-01
2.127798808186516510e-01
2.125139577294022919e-01
2.122864055985274612e-01
2.140211497364757909e-01
2.135142894082467657e-01
2.163528213932008892e-01
2.169834528364102400e-01
2.145853965981118217e-01
2.155898850192302096e-01
2.143743953677460790e-01
2.122672563061324125e-01
2.122946740572199953e-01
2.129066378328011988e-01
2.123267014566388722e-01
2.117835597658323799e-01
2.115268373180904937e-01
2.127304640820676385e-01
2.125700730498496227e-01
2.125073401147411223e-01
2.136980521049564041e-01
2.139136057544655523e-01
2.136479601149771090e-01
2.133766005338864347e-01
2.145898763660543940e-01
2.142838539878601789e-01
2.160872044374626821e-01
2.179834627983985862e-01
2.199542077067868084e-01
2.190664529849718767e-01
2.187117984011103800e-01
2.176713939690987920e-01
2.186147944125983178e-01
2.192036193281858281e-01
2.183460649793954322e-01
2.170043854969109509e-01
2.157689328441733667e-01
2.174001299717227276e-01
2.164108913146793878e-01
2.152795862545661132e-01
2.148474194437137719e-01
2.144351200247981704e-01
2.148565198571813772e-01
2.143717528506518810e-01
2.132796806931382128e-01
2.133779927908964202e-01
2.132124372799058254e-01
2.124565332686612629e-01
2.148609895240506940e-01
2.168568748653851297e-01
2.156228367718441008e-01
2.171015908331370980e-01
2.167698641749859212e-01
2.134334632067159954e-01
2.124946905003686770e-01
2.118652516688254162e-01
2.125240800816259046e-01
2.120421588141142288e-01
2.124000010042151054e-01
2.139931312424008802e-01
2.147753711532268961e-01
2.147271423241615684e-01
2.130731620042697338e-01
2.118411551236309975e-01
2.126523776480791772e-01
2.119473044283018970e-01
2.138975003203144321e-01
2.136131628567661811e-01
2.132183707010746054e-01
2.123534905955365704e-01
2.125335832024557170e-01
2.137745438173327961e-01
2.124899767094326763e-01
2.135276286839838666e-01
2.122773144026568193e-01
2.130959606079808888e-01
2.134019505606036260e-01
2.121553749064343797e-01
2.128585245563927308e-01
2.118194473676425493e-01
2.112461305140063694e-01
2.125414524768874658e-01
2.142948431700335554e-01
2.140860875801780250e-01
2.142858165392096392e-01
2.153582916838631123e-01
2.161688167205473854e-01
2.158886333667766055e-01
2.145236996931305096e-01
2.149359399285636352e-01
2.133903659912441131e-01
2.135765715446641677e-01
2.136980715681952026e-01
2.144080811083272919e-01
2.150232400330910620e-01
2.141384939486652705e-01
2.153785109863521063e-01
2.136516188353584089e-01
2.136012150767309659e-01
2.129964264282790953e-01
2.133282853327583550e-01
2.135591394618837624e-01
2.146583937983612411e-01
2.147875498530816829e-01
2.145287598770609094e-01
2.153344531480996804e-01
2.148354167877736254e-01
2.136772892301336546e-01
2.134735632794880766e-01
2.141818876309848352e-01
2.138730369870207593e-01
2.161122468365576643e-01
2.169543106370632468e-01
2.160169848056018305e-01
2.163216326811304435e-01
2.164300675815329922e-01
2.170324901150627872e-01
2.187954872140338014e-01
2.188208530506294547e-01
2.190941556584101446e-01
2.189658338486855649e-01
2.198715963115809302e-01
2.195096940166827437e-01
2.197551664012430128e-01
2.201639021454247225e-01
2.204877954248274374e-01
2.197438383056860567e-01
2.200409960064425852e-01
2.202015312713214434e-01
2.198201233389998899e-01
2.184842398878669989e-01
2.198086690135042098e-01
2.188431835383409796e-01
2.185211265205828368e-01
2.190567568806581211e-01
2.199160550518929058e-01
2.194417714251511720e-01
2.195124770462128228e-01
2.200248884589788567e-01
2.198004614069646034e-01
2.206073316644109605e-01
2.199542378406197096e-01
2.213043143801948498e-01
2.227200815739846795e-01
2.247638282928585973e-01
2.245869046711750083e-01
2.239719656522417557e-01
2.226132690290414107e-01
2.201871006819904886e-01
2.168631127291039684e-01
2.156438593551072702e-01
2.150433999226334658e-01
2.165168745161362152e-01
2.146024827910793797e-01
2.143137400863429354e-01
2.160454970008379438e-01
2.161197574571178670e-01
2.164804400075887592e-01
2.153968639694500697e-01
2.155158879255000270e-01
2.151547688647698631e-01
2.150899199409505025e-01
2.148707246554601713e-01
2.156826426554857012e-01
2.171735728442068525e-01
2.160662150451262142e-01
2.186026744870148142e-01
2.214830448651912975e-01
2.203391312688904868e-01
2.218762524370623823e-01
2.220577034285553253e-01
2.183592284332032674e-01
2.157711735080718729e-01
2.172268860644141764e-01
2.191327535590248121e-01
2.187186433795011709e-01
2.183014518537401139e-01
2.186998242914156287e-01
2.188565145849025728e-01
2.186861763957565763e-01
2.195514802583806990e-01
2.191635830160621745e-01
2.191557464916454590e-01
2.195635552825084547e-01
2.214829207845763204e-01
2.194324105528471791e-01
2.176692144375756977e-01
2.157081855593798447e-01
2.179141945728035601e-01
2.176345037470527877e-01
2.177783467946825535e-01
2.178664298145266964e-01
2.187238742034509353e-01
2.186116393030625438e-01
2.181804455939389265e-01
2.180568355643186518e-01
2.200725072291517537e-01
2.245481906859937704e-01
2.213519020476090449e-01
2.235348577244532231e-01
2.264045017153143158e-01
2.256102060372858209e-01
2.263396007354865069e-01
2.257638120292917439e-01
2.260361668910532140e-01
2.269148094604630239e-01
2.303242596571700995e-01
2.297221168370233990e-01
2.278535736671153666e-01
2.266182764293530050e-01
2.277863080509400229e-01
2.261066347471683835e-01
2.252947485955001661e-01
2.243986418397566074e-01
2.241155703948380373e-01
2.246438665949489766e-01
2.273656697708391905e-01
2.250873084671878299e-01
2.259869172554850869e-01
2.243770100464357320e-01
2.249605404985767221e-01
2.255806157888696761e-01
2.218305024685025273e-01
2.205797970211206549e-01
2.235863125621110337e-01
2.212039915837649695e-01
2.239771171086479551e-01
2.226875478214261628e-01
2.201639758729582175e-01
2.182724773209344937e-01
2.222120654445702004e-01
2.227936956913731115e-01
2.178127644478680958e-01
2.182279131088959989e-01
2.221204127608082390e-01
2.202488574601596250e-01
2.186582849050975053e-01
2.162197049055915310e-01
2.207495865012950864e-01
2.228860014521876487e-01
2.223689164617098646e-01
2.259779037599456974e-01
2.242446739042810722e-01
2.224302398260888103e-01
2.254537736926472968e-01
2.253002535041860321e-01
2.258069418460831035e-01
2.216315211951780384e-01
2.206234047863391001e-01
