3.966268933439450750e-01
3.960357288175173629e-01
3.945658708173974683e-01
3.939002747942459970e-01
3.928413294277345313e-01
3.944061933291796440e-01
3.941115852572373290e-01
3.943815708941467157e-01
3.937699301069749747e-01
3.945381888817920402e-01
3.939683868731893024e-01
3.951357504800530607e-01
3.930274008572681166e-01
3.934145115496545109e-01
3.923799248487385150e-01
3.910216680686430246e-01
3.915372511753317797e-01
3.910269999385422302e-01
3.898092609963830779e-01
3.929614805278892620e-01
3.938150497688169827e-01
3.945788357944665092e-01
3.940395125268447707e-01
3.944973046591284116e-01
3.963064005632539466e-01
3.948871897167510192e-01
3.919047256394444512e-01
3.915753260865471042e-01
3.890121047080152827e-01
3.909185945432823717e-01
3.929877879769274607e-01
3.926454194138597753e-01
3.921249334377457374e-01
3.923429440926178291e-01
3.922547296255891602e-01
3.914715564503343237e-01
3.925997134747342687e-01
3.916884888305951495e-01
3.920610522019833399e-01
3.920291030756551942e-01
3.918108934148243350e-01
3.931992878739119512e-01
3.920968512726255017e-01
3.847002512220240589e-01
3.852413672756642149e-01
3.915377358204866209e-01
3.919641389410503107e-01
3.915380880648225981e-01
4.007480059782837500e-01
4.036511220282527068e-01
4.095173883833287398e-01
4.126585160113704909e-01
4.128797254752867851e-01
4.138239151385950665e-01
4.222717141568444466e-01
4.206656711780621394e-01
4.226014908623423327e-01
4.238280301547596718e-01
4.274051775963421673e-01
4.271659822531181372e-01
4.279702794588682302e-01
4.301238488422092776e-01
4.300712290049794606e-01
4.349651159058428029e-01
4.337570174508599274e-01
4.347630194430683326e-01
4.354846538322092453e-01
4.364967638691498730e-01
4.334561279271273992e-01
4.320607756783147457e-01
4.380889261982686134e-01
4.436180665395452194e-01
4.494226413123001418e-01
4.514414529439016444e-01
4.522059546249448947e-01
4.516855891001214651e-01
4.529862134008293406e-01
4.589232923454971136e-01
4.499956701878731202e-01
4.564495186436757779e-01
4.571209038808430880e-01
4.438721568501904358e-01
4.541141146951395702e-01
4.578473632866622567e-01
4.621757195841820764e-01
4.620277556622994219e-01
4.727892175244258754e-01
4.732259820760975066e-01
4.778168438547626407e-01
4.839470816413385945e-01
4.840675942589486858e-01
4.814402717187446501e-01
4.840271742677532685e-01
4.991412435402122205e-01
4.979472960265312054e-01
4.990429428164616654e-01
5.043170924519950749e-01
5.068703957973808016e-01
4.941208155934754820e-01
4.970877290929574532e-01
4.948360240996132475e-01
4.935312033117038588e-01
4.948067195718272027e-01
4.969534048311153862e-01
5.023117902857036077e-01
5.198797281176380514e-01
5.292918700752587968e-01
5.286480798003901915e-01
5.384379416650992844e-01
5.347345035744855979e-01
5.376160339848663483e-01
5.412709426682784652e-01
5.338570804907586398e-01
5.369680529772825617e-01
5.343120444515531142e-01
5.349663916412260578e-01
5.348931556090357198e-01
5.344026111019862801e-01
5.312022772422120287e-01
5.347323466316629137e-01
5.378670562266364419e-01
5.427758928346785305e-01
5.475836155654604243e-01
5.414523003224297470e-01
5.429419501842530638e-01
5.496056796128315769e-01
5.435945559106841740e-01
5.558577244787387128e-01
5.556317800869331469e-01
5.598098215998080773e-01
5.541805269158039948e-01
5.583944201513029171e-01
5.636797232744299446e-01
5.659389764104859610e-01
5.617658926409117015e-01
5.549189710979516299e-01
5.466632825896753367e-01
5.443948855439033618e-01
5.526738308017118406e-01
5.370798967725328721e-01
5.446700066512755178e-01
5.492589548051761694e-01
5.441172479975268095e-01
5.362200876796192617e-01
5.335912859754931015e-01
5.691673066621734112e-01
5.717049364020628799e-01
6.021694201826801596e-01
6.052235923368272097e-01
6.070850513973302665e-01
6.108262477084464015e-01
6.390134705380315916e-01
6.408392918801132376e-01
6.623936837426641633e-01
6.576183177487948672e-01
6.423185164554374715e-01
6.520488302554602322e-01
6.382484148164803139e-01
6.470465541131037446e-01
6.200631323151195584e-01
5.974371309294503885e-01
6.083832727552811459e-01
6.445510896238705323e-01
6.563616703095606075e-01
6.279393925431590029e-01
6.757365361721701102e-01
6.605577787650337429e-01
6.628262658395436269e-01
6.668887953881421637e-01
6.445135117037295025e-01
7.214753579275673401e-01
7.282658363832935633e-01
7.231167269980525170e-01
7.116988742004641821e-01
6.800516037540711434e-01
7.175163229536990483e-01
7.513649028318559742e-01
7.937869050655314007e-01
7.996144050122847569e-01
8.019390579119013429e-01
8.074246963529178034e-01
7.886830630654222407e-01
7.448711272132741978e-01
8.398288995424012526e-01
8.992074176556654752e-01
9.307066346044148286e-01
9.125624031234649269e-01
9.023049955569731884e-01
8.654396473561335457e-01
7.511722627402254160e-01
7.181167223456256243e-01
7.537019901219266238e-01
8.042151002053178344e-01
8.214443946159424303e-01
7.646737296876673362e-01
8.058861565387029913e-01
7.983107622975973428e-01
7.856998928291075712e-01
8.489135196981442144e-01
8.583625962074227234e-01
8.369596550164394300e-01
8.334232941355479429e-01
9.173010609876163235e-01
9.110797273337182256e-01
9.067352203250033105e-01
8.111470494783528107e-01
7.872873620013728369e-01
8.468110546195707355e-01
8.436421470849866378e-01
8.751514745580023513e-01
7.675922112661776042e-01
6.623876910988866218e-01
7.395345460467604992e-01
5.993965887629535416e-01
6.212718191871697826e-01
5.394986971394122310e-01
5.955993514775712594e-01
7.848136317411851248e-01
7.367805091082899605e-01
7.678632378400435110e-01
8.107444497567773967e-01
7.521354308212886419e-01
6.966839170054006658e-01
6.518940449464504239e-01
5.993260198162146946e-01
7.665900609562285029e-01
8.941238041385020097e-01
8.154352650317653328e-01
7.733199221784758937e-01
7.724041363082847500e-01
8.499815219003663547e-01
8.576520030564498409e-01
7.753701932144380082e-01
8.127162192413615038e-01
9.445975139104850760e-01
9.030028121300385235e-01
9.515654215254745196e-01
9.427640588681739375e-01
9.136468837608253679e-01
8.531463885287452475e-01
8.857466745422012400e-01
8.129496077816616983e-01
9.295737375630725996e-01
9.674804425046342748e-01
9.576411953808517952e-01
8.542099276197594460e-01
9.995452468851038219e-01
8.900038742315105056e-01
7.491792182154444202e-01
9.215868172358019361e-01
8.872525624879278316e-01
8.597758941221316231e-01
8.200244587388895168e-01
8.002470606523810481e-01
8.340641993051403080e-01
8.244093552857263418e-01
9.557232288192325509e-01
8.929247806772753204e-01
8.023146361482238476e-01
8.615347093738261464e-01
8.175510858817508497e-01
7.256309716641895502e-01
1.010507636999306680e+00
9.186810541181330558e-01
9.056222920946424004e-01
8.196335994572492289e-01
7.485961556471557587e-01
8.811703208555426992e-01
7.550608738041670875e-01
8.961049085141842285e-01
9.249104686302578315e-01
9.681853783095418775e-01
8.509576823704109172e-01
9.645499423906198633e-01
8.943461235500620443e-01
8.651731384411738279e-01
8.215561083792924935e-01
8.241923644170076058e-01
9.466120815207371697e-01
9.487871616657016505e-01
7.791871325798177539e-01
7.414413523294253183e-01
1.027099084563463993e+00
5.698749498088073739e-01
4.406585809035691303e-01
6.450945392163529579e-01
6.370829236962209929e-01
6.013131761229297823e-01
7.354679422907047792e-01
8.803895481541100798e-01
5.758986829702120724e-01
1.287736350370463079e+00
9.968956424785123671e-01
6.530588232439624718e-01
5.170576136310625071e-01
6.815814477891013468e-01
8.204538142223342101e-01
5.790509450497264288e-01
6.131576969243952568e-01
1.030485504887110215e+00
1.197107023288533245e+00
8.087703432508405177e-01
7.272781612786056726e-01
1.048751129806482218e+00
7.273755018200674938e-01
8.700275974352951192e-01
7.947304908116749056e-01
9.629033172454304346e-01
6.212487535087143353e-01
6.059034041717386021e-01
8.666742531536713035e-01
7.883099415674925670e-01
1.235297481011511156e+00
9.114287522867915436e-01
9.334683255680721325e-01
9.974090387852295736e-01
7.103002716455877330e-01
6.871794328643234806e-01
1.022508796571972578e+00
7.382499377520120865e-01
1.057399959731144978e+00
1.170922438342543836e+00
9.667901484559452419e-01
1.088806353797029836e+00
9.565746647470934061e-01
1.135612782447998459e+00
1.377751726642845842e+00
1.365353694849002597e+00
1.104412103310271842e+00
8.589018189153978522e-01
6.797120554969249273e-01
1.286923672851085110e+00
8.022038823529078488e-01
7.443681670905707426e-01
8.077739772291483433e-01
1.100226564359764181e+00
7.539358151627597593e-01
1.077207412712176016e+00
7.534888756521054276e-01
9.915153190086739565e-01
1.053089426338035706e+00
8.781933041528333650e-01
5.898289443992835723e-01
8.952549336467570118e-01
6.373443858008002172e-01
6.951273910064371675e-01
6.857150656616542994e-01
5.444017002788806847e-01
6.194553987834139352e-01
7.179543629690922080e-01
7.570904128873692240e-01
7.590628291581639209e-01
6.274465548625614009e-01
5.485914183055241589e-01
6.086593342909686344e-01
1.092714553433629110e+00
9.868431798770302965e-01
7.437553219607409005e-01
6.558041535184416793e-01
3.601150992977837917e-01
6.077732017861458003e-01
6.453974619328310958e-01
6.071110394605012672e-01
3.727093604307264441e-01
3.467000382342803055e-01
4.346202018257228628e-01
8.521246248641602961e-01
6.351817320382969756e-01
5.020110677268676547e-01
6.602489113649813168e-01
5.566895013644681534e-01
5.138941753599391982e-01
2.580350004940157871e-01
1.750046263112388922e-01
3.461099666587979518e-01
2.051640177602193083e-01
2.846789775429687253e-01
4.612714677435849620e-01
4.952687259995363078e-01
4.991648111109032171e-01
8.484492318670627808e-01
5.851254114062423017e-01
6.000289797532623037e-01
3.491443099270490902e-01
4.777763351514114909e-01
8.715520041362680992e-01
8.182802558591375508e-01
5.961388087320850238e-01
5.550221389468237287e-01
8.169292292844686498e-01
4.011144369948511645e-01
1.532870162702082151e-01
1.956136117392260620e-01
3.014608190319980063e-01
4.302194401328005013e-01
3.894953340956576748e-01
3.693212217310879453e-01
6.781413052209511738e-01
5.744250983410572609e-01
7.785643985340119366e-01
6.875988521055758085e-01
1.034211878832929532e+00
5.334242832574415116e-01
1.049939038455805385e+00
9.710828267702634742e-01
8.207733657270621652e-01
4.708162305098957390e-01
4.414164974133640285e-01
3.501440158041622674e-01
3.908360122829873662e-01
5.735943770078760773e-01
7.308990249509296211e-01
7.822174514859923100e-01
3.085111899784424017e-01
4.158573172418608133e-01
7.252486156981110543e-01
7.587909431683586003e-01
6.893286366225219730e-01
6.194295003626857365e-01
8.988379069637488783e-01
4.898489021705169089e-01
6.031760070966454279e-01
2.095866414963923063e-01
3.275220553191403039e-01
2.349368566571179429e-01
2.135324241394201406e-01
2.867482909435147276e-01
3.320201383714769250e-01
3.330542626099344816e-01
3.718091878672741823e-01
4.929678818380016647e-01
5.259139236085385027e-01
5.898550898227302719e-01
6.693543964357739906e-01
2.873041933124964586e-01
3.259812851797781463e-01
5.636021312664331040e-01
7.214006464826474563e-01
2.231602749688430809e-01
1.747009827657828029e-01
1.669497868822437947e-01
1.926372316872702328e-01
2.162612975946733851e-01
2.370246189909061829e-01
2.432955647013179123e-01
2.536965118764507032e-01
2.656978047144298860e-01
4.086644704604616707e-01
5.854707958669054246e-01
6.186460751860967111e-01
2.516000315574331569e-01
4.092750000323523984e-01
1.721506331880225948e-01
1.748982635950108722e-01
1.772427970763087168e-01
1.904936666192635075e-01
1.981547723677630213e-01
2.153248792425592195e-01
2.279992638142332717e-01
2.315910220972339228e-01
3.374498949597154462e-01
3.391412768340376083e-01
4.338039043496690894e-01
4.918674270318189601e-01
1.570527271217727339e-01
1.589314313499705367e-01
1.607349201211109579e-01
2.889780789187066379e-01
4.877296678238996486e-01
4.884665354219429045e-01
5.174175806925538357e-01
4.059894836943462870e-01
2.223480236988898961e-01
1.910468636340847404e-01
2.472710919212683933e-01
2.476299402949839190e-01
2.494786229834125291e-01
3.016814014081946604e-01
4.463596797528488480e-01
5.234770094635384785e-01
5.277684858853062266e-01
5.353370761294646840e-01
4.360699507989181933e-01
2.001223916407242620e-01
1.929172999601746208e-01
1.926328645697130970e-01
2.780701444699245073e-01
2.094056426100763257e-01
1.845857523757171437e-01
1.905299029769819963e-01
1.989359552885386906e-01
2.062000660244860117e-01
1.922455084737877407e-01
1.929538149030084193e-01
2.341932395451102045e-01
2.326526278182170504e-01
3.111680396925177172e-01
3.054140671089815573e-01
3.634870799500761751e-01
3.638512688459030753e-01
