4.272286394360392259e-01
4.271330167742305450e-01
4.272227989066716969e-01
4.269544208291848886e-01
4.265966774458928024e-01
4.264266150113087961e-01
4.258275110086667814e-01
4.256318927437910959e-01
4.253735330646356005e-01
4.251990451454126241e-01
4.252720562927125858e-01
4.248135912802152858e-01
4.247935150049813036e-01
4.241940294905793829e-01
4.237530145034688611e-01
4.234889964777079352e-01
4.230651998851916451e-01
4.233103544711851463e-01
4.236322303680545298e-01
4.233712641500588791e-01
4.232889998114803820e-01
4.231203096355197202e-01
4.226900254725891592e-01
4.227261039722806091e-01
4.220304445585613129e-01
4.217573017582395556e-01
4.215368353812972702e-01
4.207086100076773416e-01
4.202343939515397198e-01
4.202371753879277083e-01
4.199589546627380265e-01
4.193510154725699213e-01
4.189104431751160540e-01
4.186360061850074032e-01
4.180816440803604706e-01
4.174116325539183325e-01
4.171277837801577459e-01
4.166948569618530440e-01
4.154327116192162439e-01
4.152519461411949275e-01
4.150211867109019348e-01
4.127575590261072236e-01
4.122077733712782299e-01
4.124187915762195789e-01
4.119938730939070037e-01
4.111864061303119322e-01
4.113854078643786050e-01
4.110629191761711598e-01
4.107221147242101633e-01
4.089078188626641408e-01
4.091383764388594191e-01
4.091416280573529907e-01
4.078456590265271409e-01
4.077361197928133230e-01
4.073729924072452269e-01
4.063115479350219439e-01
4.056152296460352469e-01
4.052037011960768487e-01
4.055469608552749738e-01
4.047786274807945728e-01
4.028485949077106332e-01
4.015445166649493358e-01
3.984659468561494999e-01
3.958708050481964946e-01
3.947627859062836642e-01
3.929000240485003292e-01
3.916424404277543125e-01
3.876716556653836410e-01
3.864021021552228596e-01
3.022283533942852207e-01
3.720634314851876123e-01
4.138580558430980938e-01
3.255575172224463021e-01
2.876006243769169690e-01
3.248704707576645645e-01
3.023941116842229215e-01
2.903458764923346758e-01
3.129094569822752359e-01
3.219237434215389548e-01
3.446120089391643271e-01
3.309271571862322237e-01
3.213143323461689072e-01
3.805315052291395883e-01
3.289985053954417316e-01
3.980693342683192526e-01
4.029094578483014555e-01
4.079076475476806074e-01
4.138566323187864437e-01
4.151555698093700730e-01
4.197581457055584164e-01
4.236203578139132730e-01
4.286970169622096316e-01
4.294036567852629327e-01
4.299795580591649902e-01
4.314070917561439455e-01
4.329325700121164910e-01
4.340629995594211810e-01
4.350208425186680161e-01
4.362152224011663915e-01
4.368925911910959692e-01
4.374794744582180539e-01
4.382990017588969112e-01
4.388159488426679466e-01
4.394758797866513689e-01
4.398522927677441796e-01
4.401526569817669765e-01
4.403729540660850650e-01
4.407209140474301901e-01
4.411057922372906281e-01
4.412134987471127978e-01
4.428732443214166148e-01
4.430914719339015817e-01
4.431810762770485024e-01
4.432275053972691281e-01
4.432756533820176315e-01
4.434068542802550583e-01
4.435122878500757926e-01
4.436156527429795382e-01
4.439667019448737539e-01
4.440450904204321647e-01
4.441690652483025747e-01
4.441343493013375499e-01
4.444429359464006080e-01
4.444156351270170946e-01
4.445284673436498690e-01
4.444768016189029614e-01
4.443039295358630625e-01
4.443114708679257729e-01
4.443368659261965892e-01
4.442965763801799417e-01
4.442818037062688519e-01
4.442886322041390557e-01
4.442970720735673895e-01
4.442629172914307478e-01
4.442645864159943114e-01
4.443631120488443775e-01
4.445341168731056225e-01
4.445921753425470246e-01
4.447655690014050145e-01
4.446788468633299796e-01
4.447183404921912220e-01
4.448681875130694463e-01
4.449853330539462748e-01
4.449989597947083819e-01
4.452283215628243251e-01
4.450281201443205270e-01
4.450543748511791020e-01
4.450789403740710859e-01
4.452179299820648306e-01
4.451103319040479178e-01
4.452557270044334436e-01
4.452348549389947840e-01
4.453472622405679759e-01
4.453952881372259531e-01
4.454382807452079707e-01
4.454218244798790471e-01
4.453576599651854484e-01
4.453201242910080349e-01
4.452609957538846697e-01
4.452175391717214659e-01
4.451871656188630677e-01
4.451860285419083629e-01
4.451599306922998656e-01
4.450990883547785160e-01
4.449446083309811506e-01
4.449702738664053081e-01
4.448312211255692761e-01
4.447643320124837207e-01
4.447625117987901167e-01
4.449208433452884748e-01
4.448821771120926027e-01
4.447902326159631214e-01
4.452651635254483153e-01
4.453085140643643358e-01
4.452319339007042576e-01
4.452076605326517611e-01
4.450747987209585643e-01
4.453883890477918772e-01
4.453137720040323266e-01
4.450480524118304859e-01
4.450390249520584929e-01
4.448550238066173446e-01
4.446724316523778531e-01
4.445846181166415167e-01
4.443313383891654977e-01
4.442232994536616797e-01
4.444607436052151472e-01
4.441210595256535054e-01
4.443697501275940542e-01
4.441308723920051049e-01
4.443794993270926419e-01
4.447279374060718604e-01
4.444975942442654926e-01
4.445632309894580469e-01
4.441481675803797269e-01
4.441935272564055959e-01
4.440464551943509308e-01
4.440291322630009474e-01
4.438248769980780439e-01
4.438923739100550381e-01
4.436741636857475801e-01
4.432835037510690634e-01
4.428911350577824368e-01
4.429167494828002982e-01
4.428874066820875921e-01
4.431302572581068411e-01
4.431445206542523052e-01
4.428482153573661817e-01
4.429039564841994459e-01
4.428952674489405328e-01
4.429834379992567683e-01
4.428884578010051642e-01
4.424477955316070688e-01
4.430351419637028609e-01
4.431738973158521055e-01
4.434781777692217153e-01
4.437059291382157156e-01
4.439588064957867841e-01
4.439294743148977096e-01
4.436341539220548524e-01
4.434637280485654309e-01
4.432742472887296614e-01
4.429721819943338579e-01
4.431580214699160636e-01
4.427398220291366981e-01
4.426488764740960091e-01
4.425630785231838282e-01
4.425844715778286531e-01
4.427907534103969756e-01
4.425602071762264611e-01
4.429488981175525586e-01
4.425507928344585840e-01
4.427118899388781115e-01
4.426796444982802892e-01
4.426474016920791121e-01
4.424720405726675354e-01
4.420627858431804280e-01
4.419049511030653798e-01
4.414057585319988708e-01
4.412802511942430783e-01
4.410224489980349993e-01
4.408103254464686427e-01
4.408452187143346857e-01
4.402199677708057424e-01
4.397837091959028721e-01
4.386295344681865327e-01
4.389932846088933638e-01
4.389793294291577941e-01
4.388833540640181274e-01
4.385244729193458202e-01
4.387786377348025235e-01
4.384600561567504329e-01
4.385120120928621690e-01
4.380613075964486791e-01
4.377398127545338302e-01
4.369546308895617681e-01
4.373932662516955006e-01
4.367018371603758053e-01
4.365326631186983719e-01
4.368790321211063477e-01
4.369961875626832137e-01
4.370402909235514555e-01
4.363786229814315965e-01
4.360659470452777908e-01
4.355092917765143179e-01
4.356672168505009157e-01
4.347516725710733332e-01
4.348428737954818102e-01
4.351349945180719159e-01
4.339203154967782305e-01
4.346123359733410352e-01
4.343436341622499697e-01
4.338723332494461848e-01
3.548948955281739925e-01
3.537942331363103099e-01
3.517533567929125859e-01
3.133743121357414063e-01
3.209752858591343738e-01
4.443699757679105966e-01
3.080807414878961037e-01
4.297091937962161934e-01
4.264615461395119267e-01
3.492354197170894348e-01
3.481633623861966620e-01
3.535680357975917731e-01
4.050077854435145674e-01
3.533595276012510555e-01
3.931039902692042842e-01
3.317305672130089755e-01
2.814697658425301396e-01
3.054053780067949031e-01
3.596594438645189795e-01
3.221106893981143804e-01
3.394972647801963728e-01
3.340044805792725668e-01
4.253066061554653388e-01
2.633063673481160771e-01
3.333294338403436918e-01
2.912717473320690642e-01
5.152909771248495030e-01
2.839465324975598559e-01
2.830404692461957472e-01
2.919889073783237254e-01
4.599771550734114145e-01
2.706618113310750307e-01
2.838033089787482810e-01
3.050924348063256408e-01
3.016636223503733061e-01
2.754986062763647992e-01
3.430857480416418248e-01
3.272596278946945381e-01
3.240385457689581861e-01
3.038653355350245944e-01
6.713949810383484929e-01
3.606508681884511569e-01
2.971970875597954587e-01
3.815735145588035060e-01
3.120337988371687521e-01
3.548966266077148157e-01
3.309124249913753535e-01
2.805677092444008869e-01
2.935910921498828818e-01
2.897333480657756644e-01
3.423412980937031724e-01
5.463821564202719916e-01
3.347843751361394560e-01
3.413034990602543672e-01
3.220138364539779641e-01
3.337566153819755410e-01
3.427887673329005347e-01
3.455481565528180643e-01
3.594662329044733262e-01
3.715867460418491586e-01
3.847166294363585926e-01
3.658006812486724324e-01
3.705715287879418618e-01
3.722028877404313096e-01
3.756505623902414159e-01
3.528131286100408825e-01
3.558412951033123051e-01
3.372550277294992238e-01
3.338849058687405336e-01
6.387411041106771936e-01
2.725782505146772117e-01
3.803929747264743755e-01
3.779714307164034892e-01
3.788378021798525785e-01
3.724143318407984182e-01
3.724319627033085833e-01
3.705681436623760039e-01
3.596885622162154239e-01
3.592453032568810878e-01
3.689489834999523099e-01
3.582896727720018548e-01
3.530156982821248124e-01
3.154242753862833148e-01
3.342043127886112908e-01
4.073313623573688869e-01
4.100794862595954493e-01
3.990558047387664509e-01
3.882229315927642754e-01
2.923551530165197643e-01
3.139124780651168511e-01
3.275602939809278413e-01
3.282216296853375237e-01
3.412241507574217403e-01
3.094938617998611030e-01
3.241824535082892811e-01
3.857662857321384475e-01
2.522025515920848227e-01
4.063046942203020206e-01
3.624081080130441279e-01
3.212369465886826259e-01
2.680643666869060304e-01
2.703747498208269873e-01
3.635499480953181539e-01
3.394372071859603213e-01
2.855513135876105446e-01
2.745253014636904743e-01
4.936239935854705441e-01
3.301044044516285858e-01
3.447254352247576814e-01
2.798207490165430245e-01
2.987136229581467406e-01
3.127134523409494937e-01
3.032172299217755773e-01
3.263973592578396921e-01
3.461744650505506060e-01
3.140286374774728384e-01
3.577958607244027256e-01
3.223065008709414814e-01
3.150386981178660006e-01
3.290834223252452340e-01
3.276613873273361843e-01
3.536807589091630066e-01
3.459333004109699794e-01
3.508908446100756917e-01
3.920727634624741054e-01
4.007431116173359453e-01
4.043525515767105727e-01
