3.949929802541617962e-01
3.408798266191271908e-01
4.289462269093224922e-01
3.111202566797266478e-01
3.104235948629848196e-01
3.099229813578712744e-01
3.107425401197162484e-01
3.085416648764365277e-01
3.628872993103373079e-01
2.614163812194978398e-01
3.103558348953084911e-01
3.163017401071982482e-01
3.464065605113185731e-01
4.136189847009236198e-01
3.146363809478701645e-01
3.013896352791183841e-01
3.076440190090343751e-01
3.068385758798266583e-01
3.122183965856418775e-01
2.919965974758214622e-01
3.089353314695309494e-01
3.131398956259574540e-01
3.154157191574648578e-01
3.234548328495857605e-01
3.048722245551080956e-01
3.107213869872363365e-01
3.127950416581112836e-01
2.757745239119959169e-01
3.237505308002748827e-01
3.096334991232733147e-01
3.142317708818563871e-01
3.380168787548795684e-01
3.419460383045345164e-01
3.478083593358460845e-01
3.560761417120141825e-01
3.651872846299393238e-01
3.709681918983606663e-01
3.738954151813089766e-01
3.764393663003541834e-01
3.802737719799264560e-01
3.828750045283703662e-01
3.857532368154394931e-01
3.881579243884658581e-01
3.893806343438200868e-01
3.925586970771028916e-01
3.932830485358428385e-01
3.599297426302926484e-01
3.606587806447442146e-01
3.470489437784618492e-01
3.512773833378214916e-01
3.538388142122118607e-01
3.574080880531034232e-01
3.589034080655609804e-01
3.604558098428859436e-01
3.625217129568412133e-01
3.611132901282916308e-01
3.615479383774448663e-01
3.519280969117839497e-01
3.540912057800616464e-01
3.540684347039953495e-01
3.450357260295427442e-01
3.502468540783423290e-01
3.553331923749897259e-01
4.417046164148834553e-01
3.393569427437913011e-01
3.388292814481094206e-01
3.477654643082812580e-01
3.508109969997352806e-01
3.513100483230693349e-01
3.582951889793839495e-01
3.638351390985439249e-01
3.672793597633731144e-01
3.703630202526937421e-01
3.719199207777464933e-01
3.738449630832587633e-01
3.759259463492520825e-01
3.785931124819580385e-01
3.788009800772719204e-01
3.674772393495495670e-01
3.745101916231449168e-01
3.684561259230710317e-01
3.701388215723067088e-01
2.755663753737339627e-01
2.890527788467281423e-01
3.152557598394842842e-01
3.129437165116925046e-01
3.198902725146104409e-01
3.165385137279367322e-01
3.610495064315469294e-01
3.362730000826704702e-01
2.667787901116891458e-01
2.962471186212810026e-01
3.017573962135384202e-01
3.066481844244713373e-01
3.009781918635231479e-01
3.089891827984460049e-01
3.568919338726342927e-01
2.962982250995864208e-01
3.070101080079197242e-01
3.111239302879831858e-01
3.130890253006731183e-01
3.366465035803928307e-01
3.407299271538715146e-01
3.278918179614974115e-01
2.859891070965010496e-01
2.866174775455189727e-01
3.531734142875322391e-01
3.452197044935116921e-01
3.225178470634824102e-01
3.144557209116921603e-01
3.056147730748851599e-01
3.759748769953341618e-01
3.048691589223745946e-01
2.982437849186811984e-01
2.892410730651653328e-01
2.871581322549968673e-01
3.237448036867379697e-01
3.234187301954761784e-01
3.067140880288715676e-01
3.334345036076762359e-01
3.317121799927885695e-01
4.124128865904685415e-01
3.963102490571712710e-01
3.611002383144709116e-01
3.208391000427621154e-01
3.257310105066155148e-01
3.634962944917918826e-01
3.028930308831398466e-01
3.041175111403663367e-01
3.024727619862903616e-01
3.044636251823321094e-01
3.154863020220414205e-01
3.105243493273128763e-01
3.163384717761979492e-01
3.162284231094606435e-01
3.212661268182651075e-01
3.085975392488732871e-01
3.322858832060233691e-01
3.015476011798902123e-01
3.305342281163126117e-01
3.368918014714810116e-01
3.706793332207652947e-01
3.538766501523454844e-01
3.627480810597569771e-01
3.753186624011780048e-01
3.802461613605833679e-01
3.857574605495174280e-01
3.879889033301742174e-01
3.912034633535179662e-01
3.921034922392427902e-01
3.943047178876666337e-01
3.963956071009866466e-01
3.984084607117727717e-01
3.989192515503525160e-01
4.001629499244761523e-01
4.003271681147143601e-01
4.003815345681194238e-01
4.010307354702126736e-01
4.045725798008108498e-01
4.127284971123261759e-01
4.128132603235259435e-01
4.132270056786856993e-01
4.141491478984315466e-01
4.148363237166220463e-01
4.167605287077502108e-01
4.197151251845220865e-01
4.199292257498162817e-01
4.200864493053998450e-01
4.216542353623831119e-01
4.220184990923190882e-01
4.224183798196533557e-01
4.226031729856617458e-01
4.227939405914616922e-01
4.232305613129366262e-01
4.234320206585161506e-01
4.236023403271426679e-01
4.232278890867687826e-01
4.228624315626132724e-01
4.232264313851880067e-01
4.230912907172044157e-01
4.239027743030295836e-01
4.241180230232663995e-01
4.256750317383263815e-01
4.263699795857841535e-01
4.263393812205897859e-01
4.264058925008872292e-01
4.264908214544738119e-01
4.265380794908484319e-01
4.266691686244875603e-01
4.266114382872684407e-01
4.267983567725456284e-01
4.267681170390295042e-01
4.268350844496963115e-01
4.273301978090978115e-01
4.281494447502793288e-01
4.284706935706810160e-01
4.286970124668747495e-01
4.290233003316068494e-01
4.290803024474594274e-01
4.302432962751615020e-01
4.299884255669704780e-01
4.300295425641643132e-01
4.306604730977952045e-01
4.308378988100960427e-01
4.307675252645822850e-01
4.307270104379787856e-01
4.308571857024393603e-01
4.310719348894006542e-01
4.312231345855636611e-01
4.312903431609380056e-01
4.312978093641612887e-01
4.315605915652825919e-01
4.317236312939327081e-01
4.318034872830401882e-01
4.318402477294370767e-01
4.317188371720822038e-01
4.314531709763590461e-01
4.316570133373689999e-01
4.318730216256533305e-01
4.319523255553727736e-01
4.319947932823232639e-01
4.320551268246717314e-01
4.319635473657394975e-01
4.320744542544849853e-01
4.321924078682565784e-01
4.322881716310227884e-01
4.321938948255443780e-01
4.324615239481105489e-01
4.324499806824378956e-01
4.323768159247443066e-01
4.323976880067265105e-01
4.324175370040321265e-01
4.324678862218767073e-01
4.322874368423943459e-01
4.321289318826094239e-01
4.316994887085429111e-01
4.316232210473635034e-01
4.315997424362505441e-01
4.319374559130744751e-01
4.323773660298471100e-01
4.324883788453958156e-01
4.323855625840668515e-01
4.324061078630937471e-01
4.324533588156686537e-01
4.324294976878219066e-01
4.322129174783784222e-01
4.321679439978993731e-01
4.325935449326960835e-01
4.324591785578890679e-01
4.324661841255430517e-01
4.325466327132747035e-01
4.325658990030557538e-01
4.325399623866595933e-01
4.329855960724691699e-01
4.331402477636335790e-01
4.329832146431888407e-01
4.330240890133525977e-01
4.327548125777527788e-01
4.328911100948271695e-01
4.331798021827598655e-01
4.333753988777117039e-01
4.335662691954798031e-01
4.334676428331365461e-01
4.334105087173061865e-01
4.332784520864662037e-01
4.332510055239531255e-01
4.330949404672863046e-01
4.330501575378766232e-01
4.333519644220299449e-01
4.333812690169518422e-01
4.335497877587513038e-01
4.335385675925580440e-01
4.337197257099115744e-01
4.335442811145941988e-01
4.336184986389643448e-01
4.337944820771505450e-01
4.338452405085299612e-01
4.337624371742991869e-01
4.338245087856487103e-01
4.338468997743201161e-01
4.335466280677845452e-01
4.335489810661748988e-01
4.336072120251281969e-01
4.336817328364717117e-01
4.337093304391457793e-01
4.334036394804006154e-01
4.332751744072212974e-01
4.335378055621813553e-01
4.335591608409622433e-01
4.335527217432796343e-01
4.335418994126387648e-01
4.335122817661968275e-01
4.335700586692489700e-01
4.334811001308357392e-01
4.333313298474691377e-01
4.335958239250617963e-01
4.336817928088658736e-01
4.334970642086485304e-01
4.335496338385107506e-01
4.334904095908832522e-01
4.337089264205721273e-01
4.334834636336706848e-01
4.333684989306020308e-01
4.334149286423912839e-01
4.331933463855761057e-01
4.330371582676627584e-01
4.330111903682362096e-01
4.330770525970627505e-01
4.331743870654153339e-01
4.328277591391857526e-01
4.324707804153445911e-01
4.324156559719909421e-01
4.328991991528919892e-01
4.330106845984594832e-01
4.329624152421952532e-01
4.328529919141567150e-01
4.328243333066498222e-01
4.329823318131990062e-01
4.330183595870652491e-01
4.329993397178505399e-01
4.330125112501253537e-01
4.330018232465250305e-01
4.329932561022308835e-01
4.329159231800219221e-01
4.327464233094803769e-01
4.326589661291443401e-01
4.326022824466101979e-01
4.326483476085118962e-01
4.324124211232762693e-01
4.323735215221893302e-01
4.323587708960201503e-01
4.324813041616213383e-01
4.324284101900107147e-01
4.323116112039157577e-01
4.324903868622282377e-01
4.326464535327028127e-01
4.324880173929913085e-01
4.323708628965792222e-01
4.324247042590720902e-01
4.324482700833783833e-01
4.325289001978201431e-01
4.324895083764372927e-01
4.322807596896171001e-01
4.321370900451377839e-01
4.322905779146141714e-01
4.322677532239554976e-01
4.322139159859618163e-01
4.320905171089195473e-01
4.320090780545767783e-01
4.319902254598033120e-01
4.317560779225282364e-01
4.317258852614525577e-01
4.312891096435422789e-01
4.313673556323036617e-01
4.313394649761579380e-01
4.311502725408840053e-01
4.315165171286122203e-01
4.314687963393037395e-01
4.314904859534405279e-01
4.313227385809298431e-01
4.311742631386217273e-01
4.313549257979251150e-01
4.314546066452144002e-01
4.314788063379101368e-01
4.316147227984917789e-01
4.314290580734220226e-01
4.313591657274307156e-01
4.314660549967155312e-01
4.312022874759575686e-01
4.308282276155227519e-01
4.308870834071945044e-01
4.309484243322578845e-01
4.308746595383218247e-01
4.307262246865780631e-01
4.303929694798436234e-01
4.305009161434627529e-01
4.308495167217563093e-01
4.306585535181550739e-01
4.309259336571062970e-01
4.307161591682657775e-01
4.303436861325226626e-01
4.303044673692889566e-01
4.301097350081263260e-01
4.300597678576986160e-01
4.300075714741102839e-01
4.301906035258803995e-01
4.299232107665937885e-01
4.297976835970976905e-01
4.295310679858912462e-01
4.295511234406658163e-01
4.294808389008850646e-01
4.289356972727457196e-01
4.285014844578343696e-01
4.280531929038581263e-01
4.282343185445583456e-01
4.284226116751156388e-01
4.283083274735997037e-01
4.283431671289521514e-01
4.277203157114611853e-01
4.278211488247507521e-01
