1.377994582606645313e+00
7.580485680834330164e-01
1.006191214678393564e+00
1.503580156255947209e+00
1.228850618287396390e+00
1.466401940341682364e+00
1.228910687547341229e+00
1.334596130886699150e+00
1.287000778317599181e+00
1.178408477201625004e+00
9.759646919987079450e-01
1.443397321064482375e+00
1.194981885694696988e+00
9.448668609779939942e-01
1.377539612099284438e+00
1.029677094830560247e+00
1.442249839418894286e+00
1.879447821960276599e+00
1.464262263621559867e+00
1.663696300389361227e+00
9.410737526478865078e-01
1.546506467726472600e+00
1.544803391094951905e+00
1.654318804537163734e+00
1.585078341251545231e+00
1.387854348284900396e+00
1.259552265842320606e+00
7.397411373432267734e-01
1.297869534225036148e+00
1.450309571548187293e+00
1.058256360410929187e+00
1.151674561750095416e+00
1.146541596026114274e+00
1.762672844471750544e+00
1.652829287303055006e+00
1.491631895847350675e+00
1.138423237875644700e+00
1.829066819141385025e+00
1.183097031486342043e+00
1.585692295430328080e+00
1.817373289359953681e+00
1.141575534168949080e+00
1.762165311723917771e+00
1.580319231060712815e+00
1.683375095124003407e+00
1.272952416547921128e+00
1.158727017345338339e+00
2.097610122576055502e+00
1.576963853331510679e+00
1.526005582451794851e+00
1.219857032247487760e+00
1.983217506295239296e+00
1.491922474854992631e+00
1.100149692951357894e+00
1.710489195013992880e+00
1.136461217565672754e+00
1.294445688111528936e+00
9.898439689472996461e-01
1.326522081553622279e+00
1.746498209762318510e+00
2.044133930032902224e+00
1.580757597658094760e+00
1.471675216849325452e+00
1.291131711904767609e+00
1.668184498245290248e+00
1.479873971638526520e+00
1.498816113916826342e+00
1.035874002169737240e+00
1.639328372268057166e+00
1.182089935542584680e+00
1.697297780529233524e+00
1.134244928899996507e+00
1.594880026676568363e+00
1.247995429264823208e+00
6.092353888011257101e-01
1.135940802605695854e+00
1.253433196241675374e+00
9.066570034507740461e-01
1.099769170910823934e+00
1.352665134802749192e+00
1.126357606213021167e+00
1.320774099374542043e+00
1.342938060826866176e+00
1.397031069005067572e+00
7.751477284784324961e-01
9.234195401339850839e-01
1.427130271612115919e+00
1.401218577508866581e+00
1.097033346731059344e+00
1.217483728497947837e+00
1.352237204275055227e+00
1.799716617751752956e+00
1.393423260131487318e+00
1.412399634894910161e+00
1.524315697774901945e+00
1.170915814518220355e+00
1.588896176121820103e+00
1.288445832560368931e+00
1.634655610993775543e+00
1.383280513061389438e+00
1.067740871929121926e+00
1.165351484242233226e+00
1.579760781897245003e+00
1.863229538894279891e+00
1.258864835337810018e+00
1.537274534014929861e+00
1.222984175066430979e+00
1.251924996416425184e+00
1.474042384810333672e+00
1.498663447808694649e+00
1.050970997082488090e+00
1.558082407383577284e+00
1.375793261370362730e+00
8.892962483316166900e-01
1.137110534785041871e+00
1.100620958795813564e+00
1.542350897535690102e+00
1.064470044898168100e+00
1.358447044543213744e+00
1.517366172736904328e+00
1.435909007843745311e+00
1.173272392438957645e+00
1.638115174644415362e+00
1.524564062008798793e+00
1.323406175339241653e+00
1.535918930441662722e+00
8.188278623693422409e-01
1.118377466500194206e+00
1.465521886196146539e+00
1.690093711010433486e+00
1.321166790853155248e+00
1.581020650145264828e+00
9.267100667205654396e-01
1.394650912372427776e+00
1.659511515162410245e+00
1.461455974389701318e+00
1.806186657054746458e+00
1.676778307192200446e+00
1.246740826799732194e+00
1.196387828591322311e+00
1.804228562739972119e+00
1.373697299324815324e+00
1.564902133912022819e+00
1.138552027331744654e+00
1.474642308984838390e+00
1.431104195249936151e+00
1.417512368562294345e+00
1.439410379457074729e+00
1.248269563676948968e+00
8.750260303796022487e-01
8.740970836104721142e-01
1.498653963484606999e+00
1.436249048158555031e+00
1.251599347829830622e+00
1.570840048076297180e+00
1.443362216963564704e+00
1.348919673601765457e+00
1.891732612507442735e+00
1.412997412933990393e+00
1.280989976945508646e+00
8.919525751831731686e-01
1.433985853273897826e+00
1.060239748904689083e+00
7.612464581641538164e-01
9.048781814161623860e-01
1.341013930689799016e+00
1.633871632146335573e+00
1.408858654146188272e+00
1.308934454617624699e+00
9.977695338280094806e-01
1.236779726587461603e+00
2.009474721247630047e+00
1.090010050604070857e+00
1.953373647343094266e+00
1.852806733800745231e+00
1.202021560667408950e+00
1.859885172415457255e+00
1.839559649143004627e+00
1.600107107954841901e+00
1.187288163012687248e+00
1.493257347225760645e+00
1.337923535217376614e+00
1.057003690927780237e+00
1.512869175139935907e+00
1.208545206003555084e+00
1.581536963848928057e+00
1.113978873110512691e+00
1.054107510922147606e+00
1.603233720795705697e+00
1.198630216935802739e+00
1.617276076734072143e+00
1.544409145488152113e+00
1.707143741248664082e+00
1.515337675913678073e+00
8.002552183333823121e-01
1.048688506675013121e+00
1.823388795438784626e+00
1.359684615938199226e+00
1.918818587625148009e+00
1.818102465127506173e+00
1.613913650492763363e+00
1.776489700313591324e+00
1.480979945986608204e+00
1.644630062526034830e+00
1.471036389255172772e+00
1.503672812165822048e+00
2.088099939825144968e+00
1.184249805365058972e+00
1.209587569798353135e+00
1.225419483539726961e+00
1.377449567199857672e+00
1.549383541359382388e+00
1.386833081076588314e+00
1.125078216725613700e+00
1.812930352059918482e+00
1.505331664213389820e+00
1.042926122107318720e+00
1.044528195211136712e+00
1.116422608679874307e+00
1.178412631208787920e+00
1.752457607309210186e+00
1.216034802118821867e+00
9.389121779842656279e-01
1.152890807114554939e+00
1.288806162403717703e+00
1.231548120806825741e+00
1.440047375898380499e+00
1.242463297554376567e+00
1.477845122233701680e+00
1.251701386105035008e+00
1.346846268448500084e+00
9.687593748148848327e-01
1.001504958696481262e+00
1.134889312610772194e+00
1.269342283628004164e+00
1.258341724085537017e+00
1.146784489025175713e+00
1.583275456260897496e+00
1.138713541832119702e+00
9.542943279773813403e-01
1.365985355988335259e+00
1.255734504502434845e+00
1.120929054152993931e+00
1.385220976176389396e+00
1.432353545142094120e+00
1.279955376203039785e+00
1.129272605468754964e+00
1.445663991086433064e+00
9.770713536739548122e-01
1.031568251030691385e+00
9.701732651295851273e-01
1.174151260646614015e+00
1.181995650035313483e+00
1.744251165999401332e+00
1.582479198782331453e+00
1.350132836745414622e+00
1.316721361967906567e+00
1.398759895000440956e+00
1.390659395875520676e+00
1.499825189185954200e+00
1.681002631878486309e+00
9.864303931843938500e-01
1.283617904184807479e+00
1.720191101616449725e+00
9.912136830371887086e-01
1.728995059477378859e+00
1.221078578620550470e+00
7.912558828980120751e-01
1.386690888453932402e+00
1.032578556023796335e+00
1.291151226457550205e+00
1.580719175471004601e+00
1.287515622926808101e+00
1.556743946727652705e+00
1.281492189023227590e+00
1.153318040230286945e+00
1.518134340498795698e+00
1.188064932401432960e+00
9.405626781220333132e-01
1.550769641020209200e+00
1.347269461592342399e+00
1.289578688958627595e+00
1.428315475220276465e+00
1.419655120455257880e+00
1.699179574614984922e+00
1.035840061952375990e+00
1.131409935937058187e+00
8.927050780371517114e-01
6.866292393502739788e-01
1.268464947433875611e+00
1.451597203535284653e+00
1.520358157409838373e+00
1.307371608720082845e+00
1.623427533497215025e+00
1.560148541331993322e+00
1.155393557965805451e+00
1.686459648738975803e+00
1.108327242773006205e+00
1.216242949925199213e+00
1.152490158553880928e+00
1.027036232008825101e+00
1.626047803677180381e+00
1.397990164190544116e+00
1.467982409037828839e+00
1.936844568142668477e+00
1.215088744151177513e+00
8.997108268934810305e-01
1.027434829115790649e+00
1.738286947791600312e+00
1.215677980419646698e+00
1.275531307260630465e+00
1.045848458654177637e+00
1.325825221135880083e+00
1.574917681488909871e+00
1.228315927195778867e+00
1.266697940324555294e+00
1.479839896127912890e+00
1.303564516874591739e+00
1.049550746273727908e+00
8.429756800991214938e-01
1.673023742647159029e+00
1.035103757785202916e+00
1.495826630983307037e+00
1.049951690483691635e+00
1.460945465624612361e+00
1.065227073865037344e+00
8.638472170859615717e-01
8.653309183321222786e-01
9.609831654054198369e-01
1.511886137803350127e+00
1.215806451508728792e+00
9.814649498837930697e-01
1.116792625691159113e+00
1.270028422218829611e+00
8.074605129001132253e-01
8.757781385485925441e-01
7.714375900877397108e-01
1.795687148017864221e+00
1.543888601287106477e+00
1.025383843144592078e+00
1.304135894065078016e+00
1.197686578613740505e+00
9.288677864273017226e-01
1.707298664039121228e+00
1.040158834467129090e+00
1.208658158954833972e+00
9.369623607903255769e-01
9.011566599908615860e-01
1.176737896278817308e+00
1.109151508163549016e+00
9.341387615496458130e-01
1.158814284184600529e+00
1.239652786121000716e+00
1.032201863778648532e+00
1.272230271458788309e+00
1.231252779565554789e+00
9.846716642945124720e-01
1.461243030945175825e+00
7.248624857671379651e-01
8.648171488567928389e-01
1.050080488336736284e+00
7.440755239363454621e-01
6.331825090639748854e-01
7.482520001140595678e-01
1.003308812431832120e+00
1.473625160253435817e+00
9.596899039029538336e-01
9.949942463413961047e-01
9.956637648415783692e-01
5.764657859498812931e-01
9.081369281369824353e-01
8.322538062862481212e-01
1.269436338343054693e+00
6.527632609325384472e-01
1.195992418039768079e+00
8.965844631056758551e-01
1.175928023598544758e+00
9.717021857444058108e-01
1.160878976614485802e+00
1.100814860712935772e+00
1.252055895922396855e+00
7.837850632576022214e-01
7.220790491056172655e-01
7.335306324904566910e-01
1.241439321559134834e+00
9.682201313684237753e-01
1.455858669952300399e+00
1.100981332151599323e+00
1.713824775966133807e+00
1.222414607737239978e+00
1.466732309682506452e+00
1.151028100234170015e+00
1.578026624218793916e+00
9.652932725460274810e-01
1.488926119287801164e+00
1.000594340927365433e+00
9.096376436829454182e-01
1.144469131968005371e+00
1.154188312113789694e+00
9.400263202799374884e-01
