7.142686402713891436e-01
4.085362654210573097e-01
4.635386850851823670e-01
6.528644828430070213e-01
5.622541761047503694e-01
7.926360996119873326e-01
4.539105143989490276e-01
3.841053144328888669e-01
4.732763321032669168e-01
3.697129026042220712e-01
3.136340307521640058e-01
5.131879922378865810e-01
4.897637079550946071e-01
3.482787318013947364e-01
6.193911802379040710e-01
4.649825266583426653e-01
6.075185853553954907e-01
5.955396718089336350e-01
4.813866563877699511e-01
5.274783131495712762e-01
3.480251647935594939e-01
6.033974608033062514e-01
5.064346274846847074e-01
6.079112724664188505e-01
5.610472199477378741e-01
4.770353144912258259e-01
5.468223867337800304e-01
2.209644090044695919e-01
4.215500739747211068e-01
4.816967174796951690e-01
3.093256042519137994e-01
4.964456034797519735e-01
4.248408381238226728e-01
5.163956959954129067e-01
5.259168408066602352e-01
5.683943006430002276e-01
3.116571175664795690e-01
6.034209397658779617e-01
3.886566908359659900e-01
5.001197850387020249e-01
5.760731070726961001e-01
3.652458571396006715e-01
5.616841519352114842e-01
4.746347206152997100e-01
6.013161160863702559e-01
4.098275397735817727e-01
4.154884060758449182e-01
6.920532242167943826e-01
5.297290282717432852e-01
4.853738621136649556e-01
4.068576298416656245e-01
7.962331564236559966e-01
4.551076478307327644e-01
3.776134487955428165e-01
6.446440042231882384e-01
3.310831639222625578e-01
4.865895906784138969e-01
3.427297222837332180e-01
4.552507548906861157e-01
7.413011300888332489e-01
7.370952821057077387e-01
5.591649628224254487e-01
4.563368456670106044e-01
3.485114850548968191e-01
5.111883851852880856e-01
4.945379181425412218e-01
5.339499979819786191e-01
3.885108604886288175e-01
5.481041843961901305e-01
3.883269539239382340e-01
7.044650905686385967e-01
4.940726287868370536e-01
7.104700797352136998e-01
4.510342280497484646e-01
3.252481224172246721e-01
5.012438893407644702e-01
5.473065509976489107e-01
4.941347709555955481e-01
5.614242486039383584e-01
6.146906927221796879e-01
5.204505231319587200e-01
5.935236503883321024e-01
4.920532982449113968e-01
5.786210044645454520e-01
3.134790370889837807e-01
3.202470613527720333e-01
6.116703273316810296e-01
5.939009653375052489e-01
4.241637443347805458e-01
4.762519839652833986e-01
6.325994579613851698e-01
6.905515095926932911e-01
5.509042190848569831e-01
5.240580599158612962e-01
6.526024297130774698e-01
5.005065446346341762e-01
6.595727415442882435e-01
4.685979915696422693e-01
7.152010984681429484e-01
6.538912696834576765e-01
4.285125062979084909e-01
4.217280200066081952e-01
6.884530072534993383e-01
5.893483784720536800e-01
5.530825180858791601e-01
6.257200754613885252e-01
5.258509156725744704e-01
5.139036727884370714e-01
5.200634510577020198e-01
6.075925004936237883e-01
4.367424594811288863e-01
7.685765566844393604e-01
8.485828112872000339e-01
3.182398742704891648e-01
3.791716008280969219e-01
5.082139894077564168e-01
6.648911624657196651e-01
4.411028925810019374e-01
4.438503020905483210e-01
7.299606406639362888e-01
4.743305694991305499e-01
4.465024374035693189e-01
6.686547874643284928e-01
4.462600602467806654e-01
5.594362940089763203e-01
6.714032455049506742e-01
5.048113307954471551e-01
5.746456148929370844e-01
6.501143178051789207e-01
6.937540890137413596e-01
5.302474079838326304e-01
5.485605624536523672e-01
2.694546794779302257e-01
4.717942339843585464e-01
4.395113174640963849e-01
5.536798696441281864e-01
5.896260416539802485e-01
4.902819449441916944e-01
4.534737637239901753e-01
3.589254917114559351e-01
6.118656118156011736e-01
4.568039585061959285e-01
5.323030318997407084e-01
3.830713804058140104e-01
7.091276303049267593e-01
5.379730255269202788e-01
6.572616607454818682e-01
6.493531149737906683e-01
7.163095848010614386e-01
4.401254012569562613e-01
2.831491265717037686e-01
7.639235508513725348e-01
4.703699057806908779e-01
2.591648567616989252e-01
5.720892727548096968e-01
4.894820493901860803e-01
3.656585425506885256e-01
6.759667449176538501e-01
7.424406363197786352e-01
5.844050770405070372e-01
5.248746308808464045e-01
6.746752302360576881e-01
6.318364955571855734e-01
3.873349684724324282e-01
4.066152111240126654e-01
6.215366368898698202e-01
8.118758087912755217e-01
7.316724054278540557e-01
4.549779322593383579e-01
3.590566342592057536e-01
4.168879286562467423e-01
6.433701038746526546e-01
3.067430586214782151e-01
8.991510663022403982e-01
6.171719465035435670e-01
4.166005101284955825e-01
5.829272115910488772e-01
5.244094831595630390e-01
5.824485786706412593e-01
4.206049342437829797e-01
5.589408563739800551e-01
5.305314711781079495e-01
6.149939544298999028e-01
6.495510839217766286e-01
4.349914482288094186e-01
7.691532631212077975e-01
4.156999215705348139e-01
4.312189708370076091e-01
6.261440884815079322e-01
5.298083066223704396e-01
6.208705868241146675e-01
5.649729688912292769e-01
4.638194030498741238e-01
5.455301664921119453e-01
3.787699328904015061e-01
3.135258397942946584e-01
5.298208851504263572e-01
3.747874043990977455e-01
5.868429461043507267e-01
4.665346779677865818e-01
6.155538467151384641e-01
5.234545048109040533e-01
5.018856802773321579e-01
6.266768248817183862e-01
4.298963008693618693e-01
5.153950813975625156e-01
6.967094904434323333e-01
3.839673881870471206e-01
6.062339814674582161e-01
6.635746316232582487e-01
4.596326272983289885e-01
5.525859115030075097e-01
6.089988409577249406e-01
4.029515968957640970e-01
5.663317231419928710e-01
5.753489580867987563e-01
2.738296873995889058e-01
4.303448533541370802e-01
6.867617197187441125e-01
6.577196320568629018e-01
7.225197340890350262e-01
4.842954039789754139e-01
2.687152699503708719e-01
4.436077603103834588e-01
5.213023900140968392e-01
4.754085726293233449e-01
6.443252996858426229e-01
5.583260577959677784e-01
4.404599335048440256e-01
5.094685997063934657e-01
5.084505733729025589e-01
6.108291451029308483e-01
5.131465432846240571e-01
6.390704188413585118e-01
5.038323404038036468e-01
7.050946161265114753e-01
4.463486981825418587e-01
5.404544153850145971e-01
3.200231479452931849e-01
3.676887936500359277e-01
4.585804539585571771e-01
5.173262138994805248e-01
3.954463263581818877e-01
7.645069300813909230e-01
6.784739732178980409e-01
4.794571188840421883e-01
5.011813675030796222e-01
8.114057492025648077e-01
3.186222034119819968e-01
4.943966465667272159e-01
1.982776442142101248e-01
4.029143614377257432e-01
4.644980568054802861e-01
6.260181894597894869e-01
6.408876523481052967e-01
6.643477439683166397e-01
5.576510827399372427e-01
6.106494540927009940e-01
5.542536163030240548e-01
4.863661583328192650e-01
6.627763211011562516e-01
3.975476211973366647e-01
5.944579647842225256e-01
5.880712313097982147e-01
4.713410885342015355e-01
7.789946757725514370e-01
5.409612892781604510e-01
4.401717171864539258e-01
7.393724774101383401e-01
4.038039907075221535e-01
4.872565807825721129e-01
5.074788211244956049e-01
5.714446913533735017e-01
6.309778083283279493e-01
5.071851458472941276e-01
4.052579343933399580e-01
7.020675173878628827e-01
4.904539168747890088e-01
3.103249266452067223e-01
5.709909865719002831e-01
4.787470596124451250e-01
4.717006570585502434e-01
4.680311053580680225e-01
5.287444768698328357e-01
6.458168070145848816e-01
3.995312452697138417e-01
4.888927913582098439e-01
3.977373328136804553e-01
2.732462062395191738e-01
5.944418123162040768e-01
4.531211043698640251e-01
4.885253638307244239e-01
4.093243652336199245e-01
5.284872238310196479e-01
6.026726409181220045e-01
5.440734278125652912e-01
5.740346979147394890e-01
4.126453288862787505e-01
6.224439908013552625e-01
3.668844255842539370e-01
6.094672747107312549e-01
6.961955955021875697e-01
5.449988259590986539e-01
5.164677694243527961e-01
6.240480232456908638e-01
5.671637611430735415e-01
3.728888936427744993e-01
4.213804663558423647e-01
6.925658838152524144e-01
5.788427262117271654e-01
6.326742341817472859e-01
5.032769320464749452e-01
6.642469956138234988e-01
6.060689083546058065e-01
4.206703535287178441e-01
6.743334171963752954e-01
5.388569440531730814e-01
8.046771182468542838e-01
2.886913416457835835e-01
3.162161919729488679e-01
5.200417262378614902e-01
3.791224328111029163e-01
5.636934464119255361e-01
4.269540790099108363e-01
6.300737462179966109e-01
5.200304723262199058e-01
5.535017555107524245e-01
3.711534113606537177e-01
3.932283827463581849e-01
6.061910803129739733e-01
4.182176379392960053e-01
3.183062369500812561e-01
4.609284847257846263e-01
7.610056253665834491e-01
4.717233199532502308e-01
3.748739866590109493e-01
2.211748351388847511e-01
8.827766196653896724e-01
4.636483400405866373e-01
3.167251527119253063e-01
3.556015923050614980e-01
5.142679886884814477e-01
4.950260783871799908e-01
6.747589456459603952e-01
6.255116800451105963e-01
5.386816676885519684e-01
5.007455341627123913e-01
4.155594652292417535e-01
5.009193005749270622e-01
4.522755819655424059e-01
6.491642445813852191e-01
6.638575266041597533e-01
4.750115183279052244e-01
3.196654503548132520e-01
5.435784225698554462e-01
3.342186348219144953e-01
3.916566717710976420e-01
6.257332118508421859e-01
4.504495125258880517e-01
3.920169131559597675e-01
3.441428345826398894e-01
2.687430388177937668e-01
1.176715892344248893e-01
2.159710121668096949e-01
3.643880582554986924e-01
4.633401085385101537e-01
4.802737427144490034e-01
5.088428670266107456e-01
4.636387755326784044e-01
1.529904587803030402e-01
5.487654578942744443e-01
4.467098300263902533e-01
6.191947515673132951e-01
2.590631757650380118e-01
4.176895179908149958e-01
4.073577969547744204e-01
4.761314202508181159e-01
5.664219448337659557e-01
6.518987666925966096e-01
4.577400700667846323e-01
4.560682534678589528e-01
4.813893988769566978e-01
5.432177407507405853e-01
4.876949025469632382e-01
3.733623684118647645e-01
4.131084818997272645e-01
6.625270950282307059e-01
5.964329174091131947e-01
6.830801964674738658e-01
4.047426241135828606e-01
5.511570501462481619e-01
6.240306827011454782e-01
6.444381250874104961e-01
5.352147515842023973e-01
5.991571118548619790e-01
3.812523344006721882e-01
3.964205936885419890e-01
4.625509282228348340e-01
5.352188595085967115e-01
6.409583821404939430e-01
