1.161291528676120510e-01
1.146589343623698465e-01
1.644055764448227319e-01
1.108516776819908345e-01
1.103437594886836348e-01
1.095916484711656758e-01
1.101021834885374251e-01
1.091007469100210570e-01
1.937352441522370849e-01
1.702258890437844396e-01
1.151760811451527505e-01
1.396703206802570596e-01
2.287474852349253018e-01
2.426363245584638173e-01
1.001692656306646806e-01
9.943358378717784274e-02
1.022551304712260301e-01
1.016164609826519516e-01
1.048267645382915669e-01
9.474217381998087384e-02
1.291276153394745330e-01
1.103600329785634770e-01
1.088578981941752538e-01
9.927216021438807492e-02
1.210529454614327205e-01
1.054439845684900928e-01
1.036860024375831357e-01
2.129209867200295703e-01
1.783680210471523253e-01
1.349464698272370422e-01
1.807780482282056733e-01
1.378073645148313875e-01
1.437421304991478577e-01
1.499507533095683354e-01
1.559097260922842343e-01
1.622817188789736909e-01
1.653739643044110363e-01
1.666017894805803812e-01
1.677300330508152415e-01
1.691608608608066167e-01
1.706471453802007321e-01
1.721105980244792000e-01
1.730933384691289156e-01
1.731125188072684118e-01
1.753761751078448672e-01
1.755069763073848765e-01
1.462821436708410805e-01
1.464719506136993865e-01
1.337715219886864704e-01
1.365368276566702177e-01
1.380119499674564709e-01
1.400543098767043637e-01
1.407013235566716702e-01
1.414301536679591909e-01
1.425070340173145989e-01
1.413039192166031799e-01
1.413231811423914519e-01
1.297134655810862347e-01
1.307921997949599291e-01
1.306267492023831245e-01
2.147188092532773263e-01
1.128839677775589356e-01
1.000757142468762240e-01
3.781788441326806582e-01
2.050142965556557284e-01
1.204961384945152647e-01
1.265108615800941139e-01
1.282547673073937688e-01
1.284790454710708074e-01
1.342901345995641538e-01
1.401319543582175697e-01
1.433195487231849752e-01
1.451677064784939186e-01
1.460300025528941670e-01
1.478526484461534785e-01
1.497650075512212409e-01
1.521291812705220514e-01
1.515396382790172858e-01
1.442416275898903699e-01
1.483122744742085275e-01
1.436901932254244230e-01
1.450340683641044848e-01
1.389239114978459422e-01
1.170516992895947045e-01
1.234520521670811610e-01
1.251842887973320662e-01
1.181445128403308398e-01
1.813956543648480024e-01
1.663556834122658090e-01
1.585397192673060895e-01
1.718541995530948885e-01
1.893881952272300773e-01
2.076221727410772488e-01
1.940716945986752928e-01
1.095982071591960483e-01
2.957742729120481640e-01
1.875848416560321474e-01
2.363760001691928569e-01
1.142911899887638916e-01
1.151122095513171240e-01
1.108680272438604397e-01
9.950603857490630810e-02
1.008469482206214851e-01
1.501329888345217800e-01
1.901197181689172344e-01
1.756873224268234723e-01
1.205412293483174857e-01
1.145997970773468266e-01
1.519743239226041265e-01
1.420338046259426446e-01
1.335743008820641509e-01
2.629949392039305223e-01
1.436111169828597767e-01
1.358842511287930710e-01
1.381391170440872673e-01
1.297205054015178050e-01
9.091924119438299368e-02
2.923831180323464007e-01
2.504552216128700382e-01
2.088264959328020864e-01
2.045304699533122550e-01
2.813798854097754321e-01
1.698957696708270904e-01
1.921150061157145816e-01
1.077680513740341406e-01
1.079586910381855058e-01
2.271395287635169513e-01
1.188259102115931110e-01
1.166568124348138502e-01
1.178996945139983710e-01
1.183016631565395327e-01
1.059762391376445900e-01
1.059969940976533409e-01
1.076239844050513317e-01
1.065207829474303092e-01
1.074198164690234603e-01
2.570803007613481905e-01
2.928484366684498963e-01
2.520852763953355113e-01
1.141715847521785343e-01
1.503393930800084322e-01
2.421376624250799470e-01
1.097856236576247313e-01
1.137523559616477054e-01
1.245807790235648194e-01
1.290638226068439864e-01
1.341120685166224957e-01
1.353735351505730988e-01
1.376972656329380207e-01
1.378302245431980155e-01
1.401158246088901882e-01
1.454047089098128298e-01
1.481822330678911059e-01
1.483135964442161003e-01
1.516931541583761422e-01
1.500380779252999397e-01
1.485532230638678119e-01
1.478017684861870629e-01
1.537021867771787842e-01
1.721961828547638462e-01
1.710687544397506976e-01
1.715368453732774856e-01
1.732445441146707732e-01
1.738176728753982325e-01
1.783952964576975830e-01
1.865441251956141411e-01
1.863286523061102318e-01
1.860187406691613810e-01
1.885067901239154686e-01
1.900274261872164638e-01
1.900900804034538205e-01
1.899771528760156036e-01
1.899490762020135670e-01
1.902425765255375545e-01
1.897133524639500468e-01
1.898418680162994310e-01
1.892793285596829911e-01
1.885841822079206420e-01
1.895054850141327241e-01
1.890505868507568188e-01
1.905222706737920435e-01
1.903550979821347355e-01
1.932318414287712560e-01
1.934357622123283049e-01
1.926730952132663655e-01
1.920528935499682122e-01
1.924639788034254728e-01
1.920343997348777365e-01
1.919195704301837613e-01
1.913589312126535158e-01
1.920766739803786149e-01
1.919508971736472169e-01
1.922357064042137242e-01
1.928369237825458826e-01
1.950473630621779586e-01
1.952974765012606140e-01
1.954176015537794076e-01
1.957974944435992848e-01
1.957179963720201976e-01
1.986637968146118816e-01
1.977095363668507355e-01
1.978719760886120116e-01
1.994115858767502303e-01
1.995044857609425404e-01
1.990775203156043838e-01
1.989181796105713995e-01
1.985441965734591196e-01
1.998062987087642073e-01
2.000504544613902203e-01
2.001309767539983797e-01
2.002324182244239470e-01
2.006728125517512340e-01
2.007831794608945231e-01
2.008622589795199809e-01
2.008716172380400899e-01
2.007481810065989414e-01
2.003073464982385588e-01
2.007110992146809714e-01
2.009700844783085250e-01
2.009874866850129282e-01
2.007999964151294670e-01
2.009708805410539978e-01
2.009745917012228933e-01
2.011699006012842295e-01
2.012157481721011387e-01
2.013490179289559034e-01
2.013049246089262390e-01
2.013768780199033936e-01
2.013301929547862690e-01
2.012740443066651508e-01
2.012640510729442889e-01
2.013715774973919848e-01
2.014296397220826096e-01
2.012417889584143249e-01
2.010370254313837146e-01
2.004423838280023906e-01
2.002247477753741900e-01
2.002168226305211518e-01
2.005835238167220369e-01
2.013453117344835563e-01
2.014936392137032239e-01
2.014224651264652777e-01
2.013077673281119251e-01
2.014192229756321950e-01
2.015320202878213562e-01
2.013035601101430538e-01
2.013468449308894459e-01
2.019508235546292052e-01
2.018459708990503754e-01
2.018968796533943677e-01
2.019472400661128375e-01
2.019374491550470219e-01
2.019331612942457110e-01
2.023045678887696597e-01
2.024328436217136817e-01
2.021279992512862167e-01
2.021473615315719785e-01
2.013724116753897730e-01
2.013947754251200206e-01
2.024732959903513541e-01
2.022858506472556273e-01
2.025981517726815062e-01
2.026080886345803800e-01
2.023023917216335010e-01
2.025306206234754047e-01
2.025662910844843734e-01
2.023954394180247363e-01
2.021852886850055153e-01
2.024311614090372191e-01
2.026156380485566455e-01
2.029703287910098464e-01
2.029285293437096405e-01
2.032378521915879643e-01
2.031303403260082963e-01
2.031463135555174881e-01
2.029265527125711788e-01
2.027162395443572462e-01
2.024006041731785110e-01
2.026247216103012061e-01
2.028091816014274684e-01
2.023303440859174351e-01
2.023642875513923522e-01
2.024349547423286710e-01
2.024773337181242638e-01
2.025105156802418649e-01
2.017400062158875018e-01
2.016073397363084552e-01
2.024275816949822615e-01
2.023836221193953400e-01
2.023020319483504470e-01
2.024810849395551338e-01
2.024860883476938267e-01
2.019485683172627388e-01
2.019401103933285702e-01
2.014738200275058289e-01
2.021852634051365949e-01
2.018676096902040640e-01
2.017516082986458015e-01
2.018102557773278072e-01
2.017971505766762708e-01
2.024153922335452660e-01
2.017774856968223285e-01
2.016831376668499209e-01
2.018592950359394123e-01
2.013053711777217369e-01
2.010877841450942616e-01
2.011582611147649802e-01
2.016980742841548158e-01
2.020141663509261165e-01
2.012469577010424504e-01
2.004310212021845339e-01
2.002012922876840462e-01
2.018821778404017719e-01
2.021583057138768014e-01
2.022697667701155444e-01
2.018198307086870036e-01
2.019379482306151441e-01
2.029027241745292309e-01
2.025707346619850802e-01
2.026512405541619766e-01
2.027060611113528643e-01
2.025999065567472557e-01
2.025788883171946719e-01
2.025703689456948287e-01
2.024894932354486810e-01
2.023549544804041922e-01
2.022918704872543882e-01
2.023136362635917784e-01
2.020541439671256767e-01
2.019869225803271884e-01
2.020669980790171238e-01
2.024590054086641555e-01
2.021225871523822382e-01
2.019639368565549209e-01
2.026614983058029895e-01
2.028402371317706565e-01
2.025046211957480802e-01
2.023052999245334438e-01
2.021994153469987010e-01
2.021541092085485103e-01
2.024740449747578774e-01
2.027120076764697965e-01
2.025529438744445576e-01
2.024643428956620639e-01
2.027856579844963258e-01
2.028483853180918228e-01
2.028562255707237472e-01
2.027520282153376652e-01
2.028212612092440692e-01
2.027940799244915548e-01
2.026741774704394206e-01
2.024736361261436912e-01
2.014611422625817161e-01
2.019084334781040546e-01
2.019271626661522934e-01
2.015885547273282841e-01
2.020839742420071361e-01
2.023916032751970073e-01
2.022204340609345397e-01
2.018140266861962462e-01
2.017208137160202419e-01
2.021805316450102641e-01
2.024290730355183254e-01
2.025476600443317232e-01
2.026128636561639329e-01
2.025382771727459730e-01
2.024521683085567791e-01
2.023491245007798534e-01
2.018511853046570936e-01
2.012413594274052864e-01
2.012400868878255200e-01
2.013178144542996373e-01
2.015363064216120492e-01
2.011623276145280137e-01
2.003489014032898141e-01
2.009454736324378377e-01
2.020151214374415471e-01
2.021122835150357400e-01
2.021170835466624960e-01
2.015159218634804961e-01
2.007016894677418617e-01
2.010545569243446518e-01
2.012274436156507584e-01
2.011669886890626313e-01
2.009427608597905701e-01
2.012710286111719371e-01
2.012423133867771718e-01
2.010459320070531186e-01
2.008468075594742053e-01
2.010348062171603556e-01
2.006909346825017093e-01
1.997149864709948375e-01
1.986921209459623361e-01
1.978283912934619138e-01
2.001320274981587821e-01
2.011771028596254229e-01
2.011345923606012165e-01
2.015526471260344066e-01
2.006945777731300451e-01
2.008833223730219775e-01
