2.001448640719736827e-01
1.999119914839794232e-01
2.004131055117145954e-01
2.003910365941410920e-01
1.999793318298427602e-01
1.999583463731345601e-01
1.987452915056593938e-01
1.984245928700253403e-01
1.982602773314450506e-01
1.988275953537176899e-01
1.994856231439324779e-01
1.986816018659373073e-01
1.992126243047360190e-01
1.981987979133600364e-01
1.978759115570703220e-01
1.980988630733848399e-01
1.970665949892501656e-01
1.982669646859115675e-01
1.989419878557198706e-01
1.987574741821419577e-01
1.984901351213034792e-01
1.986798706109195733e-01
1.980953351672768425e-01
1.985018017301268256e-01
1.975617187493691196e-01
1.975994987088778854e-01
1.975986389416112543e-01
1.966846048901461641e-01
1.964251643383158608e-01
1.968384707424528646e-01
1.969395725220590143e-01
1.966510859969026193e-01
1.964047435183173540e-01
1.961742708007003788e-01
1.959690220123504467e-01
1.951277138989597759e-01
1.953244892686595569e-01
1.948287775408986955e-01
1.942793371984334327e-01
1.939445694263668973e-01
1.938798073904961505e-01
1.922263556565251275e-01
1.919895838986518388e-01
1.917332753095042641e-01
1.916171955386797021e-01
1.907843925778252570e-01
1.905315506944054993e-01
1.903408470569225852e-01
1.903760961608835511e-01
1.895600901117455717e-01
1.903890013149944216e-01
1.903102473156663421e-01
1.892881718794975354e-01
1.889719028305865689e-01
1.893207320989980236e-01
1.889782603133649264e-01
1.888342335344292411e-01
1.883996210654936554e-01
1.888513510880062141e-01
1.885923386288476666e-01
1.875375758893375600e-01
1.867426659642761333e-01
1.851844796577587493e-01
1.828951415651530743e-01
1.821002133049474392e-01
1.803555837235139570e-01
1.786933985406944092e-01
1.756490043152063585e-01
1.740485362094048583e-01
9.737510151989423046e-02
1.742144406737066165e-01
3.064075754244622862e-01
1.452858541205771514e-01
1.619593229600045370e-01
1.483538343378574820e-01
1.937815174438146937e-01
2.045769144238135662e-01
1.241862505178737003e-01
1.117796657780359970e-01
1.090697412523034537e-01
1.092458601352997299e-01
1.111807326244070582e-01
2.752954508778438503e-01
1.719718418577153018e-01
1.352202874842794722e-01
1.417989845409709238e-01
1.487196934868931508e-01
1.562399744956095016e-01
1.570693855327656152e-01
1.634368214015781418e-01
1.689855147623895992e-01
1.765415862305760863e-01
1.773176294885979165e-01
1.778382303996675073e-01
1.797999442304960560e-01
1.820641708960757110e-01
1.837109229091091755e-01
1.850708734907435260e-01
1.869660754703308669e-01
1.878786854248467586e-01
1.886874271270136683e-01
1.898170795826096824e-01
1.904905101787249810e-01
1.914454513226980792e-01
1.917963893112811513e-01
1.920120673466977901e-01
1.922155823285895404e-01
1.925288757871015943e-01
1.930056904741921375e-01
1.931794692227726262e-01
1.959977027940285610e-01
1.964155300078373467e-01
1.963878038574558005e-01
1.963063703437013530e-01
1.961678470947824104e-01
1.963623438230468754e-01
1.963950469463574544e-01
1.965441551153792876e-01
1.971786040633662362e-01
1.972381559902721126e-01
1.973356572186402702e-01
1.974335252978979272e-01
1.979742977991532094e-01
1.978887072180164353e-01
1.978300418181410669e-01
1.977803269879838677e-01
1.975055371483633304e-01
1.975880303025300821e-01
1.976400793352162677e-01
1.975625542277462121e-01
1.972814563998135928e-01
1.972681194386842196e-01
1.972881710040832182e-01
1.973279322131267777e-01
1.973197425857085574e-01
1.975590157138610303e-01
1.977255301139109744e-01
1.976503915882558693e-01
1.979072401720773922e-01
1.978752926215613939e-01
1.978372687599741497e-01
1.981280680233356573e-01
1.981896388961262301e-01
1.980669271885339144e-01
1.984928015806363133e-01
1.982212597388679498e-01
1.983573953064075579e-01
1.984184956347668782e-01
1.986601202388334764e-01
1.985140348895848561e-01
1.988925006060797696e-01
1.988696864615026871e-01
1.990607345581557608e-01
1.991604901021096219e-01
1.991352578114105043e-01
1.990279504788873832e-01
1.990630876048056774e-01
1.986895229429735676e-01
1.984928388113545994e-01
1.985112999553959867e-01
1.983707466176402590e-01
1.985019892981184919e-01
1.983934565687394957e-01
1.982353966281687474e-01
1.978968966508745098e-01
1.975409983287363391e-01
1.976464084691223477e-01
1.970555348128094075e-01
1.972390803477208077e-01
1.973250074583178804e-01
1.973492693511040286e-01
1.969383159891204271e-01
1.979673002946266136e-01
1.978492181590395249e-01
1.975995640901997419e-01
1.978146361015545862e-01
1.977683116958168508e-01
1.982566010752767061e-01
1.977188746182294565e-01
1.972052785910931583e-01
1.969949656853557385e-01
1.961698883290995399e-01
1.959873225134702857e-01
1.959881998238461043e-01
1.951482785817160448e-01
1.945285052986219787e-01
1.946653386778630646e-01
1.937456273683391128e-01
1.946367182789293659e-01
1.937509062087950373e-01
1.944665628937130297e-01
1.956807432305986139e-01
1.952294357015086912e-01
1.952671729800432021e-01
1.944284449740288356e-01
1.946944748038364204e-01
1.942074454280967588e-01
1.940539857851869832e-01
1.935062849166399590e-01
1.937619667470979745e-01
1.934504083980635725e-01
1.925338674168267095e-01
1.924044149852158492e-01
1.924010037073033419e-01
1.924618248393309972e-01
1.932221149713266861e-01
1.932835341540650176e-01
1.924435643378982763e-01
1.926404316278244599e-01
1.925715965205602731e-01
1.925855276517002834e-01
1.924221359033318479e-01
1.912726036738864321e-01
1.925430172329927470e-01
1.929793825198822255e-01
1.936262533166599742e-01
1.943424066964720143e-01
1.952046324199853133e-01
1.952714287794762305e-01
1.949268834859770316e-01
1.944538036616371146e-01
1.942780188284620180e-01
1.933818720855971784e-01
1.938459735729366473e-01
1.933417433175397548e-01
1.934937696505685534e-01
1.931681682765383767e-01
1.932531650749561292e-01
1.936446541670246990e-01
1.928383472841615487e-01
1.939418694374960839e-01
1.931786609267763521e-01
1.936674004928897741e-01
1.935689034444775802e-01
1.935504293671314324e-01
1.931423252720285699e-01
1.925192700346185504e-01
1.921693215891525086e-01
1.916114330656883968e-01
1.911714404496786535e-01
1.905924832075609476e-01
1.907048808153560537e-01
1.907183600747222318e-01
1.893991443566094557e-01
1.888923482056323322e-01
1.869514933890046859e-01
1.873306296766040491e-01
1.872735567496415232e-01
1.872299669821952950e-01
1.870257502798510774e-01
1.877266701971317953e-01
1.867737051621358169e-01
1.868286559691403059e-01
1.859405020410214160e-01
1.857529606858851490e-01
1.844956140324894300e-01
1.854388121090881358e-01
1.841323336756741369e-01
1.836939705463043471e-01
1.840879128111675422e-01
1.840753074177605142e-01
1.840257958583810804e-01
1.830324200647107102e-01
1.827505478487773116e-01
1.816065958631222221e-01
1.818363515703081412e-01
1.804068210470266553e-01
1.805487326461367448e-01
1.811388749272989651e-01
1.792094141167276389e-01
1.809686064477862844e-01
1.803467923844302156e-01
1.797130226272401488e-01
8.365680179798545835e-02
8.135535477093955303e-02
7.795493901703377804e-02
1.636106300785783452e-01
1.051163008882565614e-01
1.858515275323890936e-01
2.598196076644209707e-01
3.112934881924839248e-01
2.985940925330174966e-01
1.815964164511028600e-01
1.797582003528532535e-01
1.788715540484878130e-01
1.958136160882339438e-01
2.249208563352689538e-01
1.225404241912018133e-01
1.142738189750321376e-01
1.540717308883444159e-01
1.367658626766187491e-01
3.467346457312004415e-01
1.551437491802719892e-01
2.105683470162775794e-01
1.988419236121695688e-01
1.863216669394998082e-01
2.099158169554022346e-01
1.772489001220756422e-01
9.709436855975084324e-02
3.042520857441319837e-01
1.495895837367385850e-01
1.924715870072382096e-01
2.355558275191232398e-01
5.134467667357249798e-01
1.604179245230722417e-01
1.418215609148542056e-01
1.166961638604493284e-01
1.326256677624054747e-01
1.392412107631985085e-01
1.252604847906807484e-01
1.873657003905825902e-01
1.843844590117474092e-01
1.469564525769717078e-01
3.088476783359129785e-01
2.749148287690608705e-01
1.220542361068532727e-01
1.216590802982467773e-01
1.305958537296170729e-01
1.203009631911440003e-01
2.415582827098460561e-01
1.310859272992580538e-01
1.247498379434263394e-01
1.332507277817104874e-01
1.196701006822720736e-01
4.300283104312530580e-01
1.178129288542604514e-01
1.244198360096458317e-01
1.134447157618708457e-01
1.198851521049662805e-01
1.255892425322112371e-01
1.263398628768745424e-01
1.331456871029827460e-01
1.390395784972447424e-01
1.522240688008678067e-01
1.336274036734052539e-01
1.360312058954893932e-01
1.377840472524050341e-01
1.419930409957240736e-01
1.186326467897634990e-01
1.688544625399180932e-01
1.711583710251485813e-01
2.113417621213114495e-01
3.986398200504313594e-01
1.200519351965639858e-01
1.252083031892310128e-01
1.186560827684544350e-01
1.201469827726087125e-01
1.172635507348859241e-01
1.181980544985746090e-01
1.195271881810900799e-01
1.194355009726483785e-01
1.164681664138834671e-01
1.065544190557745491e-01
1.176932707617888707e-01
1.246356695499605399e-01
2.380067488677564125e-01
1.725561637235109858e-01
1.273925795939740424e-01
1.370010134983857264e-01
1.159012305772468970e-01
8.935964707231527915e-02
2.548608853049250111e-01
2.070387752003003123e-01
2.191093655827199838e-01
1.048561087204182979e-01
1.016320106642809029e-01
1.144606403880146922e-01
1.140605989980223306e-01
2.183919603746480864e-01
1.973676685128316621e-01
2.789966993742472035e-01
1.374815112748981050e-01
2.571319601392468290e-01
2.199779108084303769e-01
1.335120448195676324e-01
2.860582529344996572e-01
2.054986351716276971e-01
1.063486687490638183e-01
1.746946004948264908e-01
3.576703267641258566e-01
1.019758023236622957e-01
9.172654384426254248e-02
1.442529475528879779e-01
1.271044680935132232e-01
1.243554041320042713e-01
1.234977165551449096e-01
1.790377620432849759e-01
1.666046360883161326e-01
2.498998289319026844e-01
2.639528720851166410e-01
1.428129329768548228e-01
1.472489174659737665e-01
1.391895670430877141e-01
1.420343103841772980e-01
1.252750079256318705e-01
1.255307182504708519e-01
1.308390661059928572e-01
1.623125428768319722e-01
1.723862876659070786e-01
1.771172050376060847e-01
