1.429325514058552571e-01
1.572666203429285703e-01
1.583344415004276085e-01
1.495844116061611773e-01
1.741824495146634677e-01
1.690087869349825023e-01
1.655531451599579484e-01
1.984004177618465814e-01
1.954028201866598868e-01
1.897075169658698490e-01
1.913302080749822442e-01
1.892089288118391499e-01
1.886630493131378206e-01
1.952184099492737523e-01
1.961374613646147402e-01
1.903617954121625822e-01
1.724232708076101628e-01
1.582699806263871967e-01
1.687113862171886192e-01
1.654349723129862892e-01
1.630712562641450369e-01
1.445643413994229520e-01
1.592597622568056037e-01
1.720649318079874868e-01
1.810751440106063148e-01
1.701417287873583373e-01
1.491314870767065925e-01
1.609854055200714840e-01
1.609887105157214171e-01
1.634394301080137057e-01
1.641659194676248490e-01
1.328170199633252613e-01
1.368310398443324249e-01
1.328358197130551643e-01
1.617049316921646551e-01
1.648564847610444750e-01
1.656616963505690987e-01
1.709834921175901190e-01
1.462745959127197126e-01
1.465643360893101599e-01
1.553595075702479122e-01
1.581218710555029605e-01
1.556202141746509393e-01
1.494315937505343583e-01
1.584265660048104207e-01
1.778001813991483271e-01
1.771179475774091183e-01
1.787384537077685853e-01
1.701431503478621488e-01
1.662437811740009042e-01
1.760507813848205261e-01
1.885320181406973661e-01
1.852737063845842358e-01
1.735410048773423086e-01
1.768141795729705201e-01
1.860605132780505100e-01
1.763617800216192300e-01
1.703564357087881120e-01
1.465516818029824198e-01
1.427399901654047010e-01
1.659092085532308247e-01
1.669044806487207933e-01
1.812021248931225126e-01
1.808533419293728295e-01
1.722699217537083105e-01
2.072386526025069564e-01
2.139041310312418398e-01
2.195694482713335949e-01
2.251354143248086581e-01
2.262541765809494843e-01
2.284516917172979000e-01
2.295530890421857984e-01
2.293247016621584866e-01
2.300304026525081258e-01
2.316248683998558822e-01
2.335508562228987561e-01
2.355387580286972260e-01
2.377102400810365002e-01
2.391657198021668596e-01
2.384214206777890699e-01
2.369120973161140953e-01
2.395440276378688893e-01
2.407736341670055069e-01
2.416347003839187935e-01
2.398961210349095652e-01
2.387208910292453468e-01
2.378644281002097460e-01
2.373245117246561564e-01
2.381802076539748514e-01
2.388411961212512924e-01
2.405843874894224854e-01
2.392172658977665123e-01
2.416197736593113377e-01
2.425187974483145326e-01
2.435412980113960402e-01
2.454585633086332763e-01
2.466594909335833308e-01
2.475342950670607611e-01
2.485669479738333298e-01
2.465048408183661555e-01
2.478696608873092733e-01
2.487479948378903960e-01
2.493817343523743735e-01
2.499470466189193663e-01
2.504610050574370139e-01
2.510699105596557179e-01
2.515738175440758728e-01
2.519776443324189263e-01
2.528512096761644234e-01
2.532678371913077986e-01
2.534913815127082803e-01
2.539794888921192428e-01
2.543120711786229227e-01
2.548764471355638439e-01
2.550589154441580964e-01
2.553407689481217990e-01
2.553877163613036960e-01
2.555732408992866245e-01
2.555599740268006959e-01
2.543642904106263036e-01
2.544404446687365540e-01
2.543746896336983032e-01
2.542464507609650259e-01
2.542058271901821986e-01
2.542241414247910503e-01
2.541468279918659978e-01
2.539154449068433128e-01
2.538488711966009892e-01
2.521104997836601247e-01
2.506366840454795630e-01
2.503699124608168569e-01
2.494374602405839692e-01
2.497179483370486064e-01
2.490520991259456973e-01
2.480810678398752411e-01
2.479914026717848496e-01
2.471577470967203372e-01
2.456662356581189588e-01
2.405573821960713676e-01
2.394048430873410016e-01
2.386533968073207834e-01
2.387615734996570982e-01
2.377392943363053346e-01
2.378354223883242247e-01
2.416875456567980085e-01
2.413627671671705888e-01
2.412196066509685877e-01
2.407864727739713884e-01
2.407151221776295258e-01
2.406713245804844581e-01
2.352519207424513814e-01
2.342172398096486474e-01
2.331547046861813244e-01
2.326622853283835668e-01
2.321043703321477580e-01
2.320232257420202782e-01
2.329348215089142027e-01
2.335017547429545370e-01
2.341913510097324291e-01
2.429628637546386583e-01
2.425341284128961772e-01
2.417231304826657490e-01
2.406577662426883646e-01
2.383998733239678924e-01
2.380958157024480326e-01
2.386749549937169368e-01
2.399059640970809815e-01
2.408384260411272626e-01
2.375257461950691651e-01
2.375591616629374458e-01
2.378904278328742850e-01
2.287659597134642508e-01
2.276883647965081692e-01
2.261492877664625367e-01
2.206985443474345776e-01
2.054928224462824748e-01
2.235394205700242665e-01
2.227999348384668010e-01
2.079385849584877988e-01
2.084990086984391811e-01
2.106648533310500060e-01
1.951951564765386782e-01
2.200483498821242945e-01
2.201670892995125639e-01
2.055738057560970722e-01
2.188191880134554568e-01
2.144971260648343425e-01
1.799952780911098782e-01
1.916674123957908260e-01
1.877511834655682665e-01
1.805858548479248316e-01
2.005632858128461593e-01
1.798147412886224594e-01
2.030218125678939778e-01
2.029712914587489259e-01
1.999283839351346792e-01
1.930177710086284359e-01
2.013512786427459900e-01
1.917570292985918967e-01
1.825423838992026315e-01
1.724085110767062390e-01
2.097751894105714665e-01
2.059740599393103111e-01
2.079233892806607031e-01
2.073478362133755470e-01
2.077573665893296950e-01
2.035038040785045466e-01
2.004599593988891648e-01
1.942189490996125423e-01
1.948532611948871618e-01
1.929897351726816424e-01
1.925308705746271443e-01
2.055958043011785197e-01
2.037467882177239620e-01
2.017037175756499767e-01
2.015749923597160986e-01
2.010661202997701125e-01
1.916811733239489612e-01
1.887210544507018639e-01
1.684232455418896712e-01
1.567329272730330625e-01
1.974063592911350917e-01
1.862944571943772609e-01
1.648655109845054145e-01
1.586097453444977046e-01
1.728071422083248265e-01
1.759583233720861117e-01
1.921139297994020612e-01
1.912211705757702052e-01
1.916880791832202280e-01
1.974135801602626139e-01
1.992361052534441512e-01
1.788727697775203684e-01
2.061994242098388885e-01
1.708815011160422781e-01
2.000399895431203279e-01
1.946141082470769224e-01
2.027237851135192392e-01
2.079778173198557623e-01
2.079281310361599244e-01
1.981050346914658145e-01
1.942053560173829796e-01
1.878630807843628681e-01
1.858429885759387001e-01
1.899345443860049332e-01
1.848936817377857256e-01
1.781293200738224280e-01
1.638569991175171658e-01
1.567809476267658098e-01
1.806497249768977686e-01
1.743169459193333881e-01
1.955839441492607245e-01
2.004682609005478122e-01
2.011911309639372036e-01
1.990746209235139674e-01
2.006803888969821981e-01
1.985129891165824667e-01
2.006435692686244776e-01
1.944210752500868389e-01
1.966631766986044749e-01
2.141712544665657636e-01
2.067981717765052241e-01
2.007119936389546999e-01
2.000842598479768142e-01
1.940925794931520065e-01
1.940425505899866510e-01
2.153846229141917479e-01
2.158318947103109731e-01
2.120789409070821530e-01
2.105612882860645740e-01
2.049973933562791450e-01
1.898136950902070130e-01
1.900810314295042769e-01
1.808217973662087641e-01
1.946096265497325173e-01
1.910880983995414395e-01
1.848346997183988871e-01
1.736580233600613643e-01
2.088738393792924919e-01
2.105725307193596629e-01
2.086677496569594448e-01
1.751566725603344310e-01
1.629848126352178572e-01
1.891946463462895467e-01
1.944969802068007014e-01
1.928970012448634197e-01
1.876568189513217466e-01
2.004075956921148038e-01
1.994003122066863587e-01
1.800341119206153861e-01
1.763983794873025812e-01
1.552409666880183725e-01
1.668865263545802335e-01
1.742206211173760733e-01
1.944322857562768569e-01
1.924415050895605384e-01
1.916809995408486622e-01
1.796067725651083191e-01
1.682636002084749727e-01
1.997418423464288328e-01
1.981806414720045650e-01
1.995036186472253503e-01
1.904782421312180563e-01
1.840952376342077090e-01
1.845228828428037704e-01
2.013749871461727459e-01
2.042690620610392860e-01
2.025739639071475473e-01
1.925957495416139864e-01
1.901025416422474357e-01
1.766980722668654580e-01
1.935843872045545089e-01
2.054558783530640587e-01
1.999726836566530497e-01
1.963312727270924429e-01
1.977951792655726626e-01
1.970266884759541148e-01
2.005579365064500130e-01
2.034520853627705961e-01
2.046563773088161398e-01
2.020365726302317810e-01
1.988340360532411255e-01
1.920371067403251475e-01
1.917334851528870177e-01
1.891190712296508536e-01
1.743884536241939176e-01
1.635581603357050828e-01
1.790319249003159974e-01
1.851937193858498032e-01
1.815377450592114972e-01
1.820936555135026502e-01
1.816909893135032483e-01
1.614782957029419763e-01
1.593915185251820188e-01
1.684196410940953792e-01
1.558956652266103582e-01
1.640281842351587471e-01
1.535440187924008715e-01
1.799304609733318738e-01
1.922754641301154810e-01
1.922627796069130146e-01
1.930365132051350685e-01
1.864720638719029044e-01
1.600378102838612426e-01
1.999551910010565481e-01
2.064197439629818775e-01
2.094045029598028407e-01
2.045852785191736856e-01
2.089342126694720414e-01
2.189973418880267197e-01
2.189970054799733057e-01
2.184705467115218291e-01
2.177375611175729753e-01
2.162108002475729429e-01
2.170688581389757510e-01
2.178300785902887449e-01
2.170879222295379329e-01
2.160893802130341990e-01
2.136892880129291350e-01
2.129120933019979511e-01
2.113236632402287207e-01
1.991420235411789919e-01
1.965050360490048775e-01
1.917135939824926028e-01
1.875344498543269345e-01
1.815115295799184791e-01
1.554213488863863679e-01
1.794828541327911364e-01
1.875113530189800037e-01
1.767072847687558845e-01
1.890503116819438612e-01
1.938299810490115016e-01
1.912944533840154060e-01
1.901825795363812910e-01
1.769874035882589569e-01
1.720724440948164791e-01
1.739025944245625177e-01
1.813979031762779359e-01
1.397333713525640841e-01
1.632922806734838916e-01
1.707682051031672033e-01
1.735733754512474858e-01
1.670832974581230312e-01
1.575919295100208228e-01
1.503368154912603505e-01
1.337978263285731217e-01
1.534665414441813147e-01
1.630752403268846684e-01
1.554937994918456079e-01
1.794472192986311387e-01
1.778536782334836364e-01
1.672727429008648292e-01
1.559721921546423362e-01
1.525111121882505583e-01
1.737632536276561834e-01
1.785942432251307055e-01
1.799480420445252749e-01
1.574973393608089245e-01
1.712014559601813535e-01
1.763766836595495602e-01
1.730285944800733500e-01
1.729012907866142035e-01
1.730125583117340105e-01
1.758121164150731608e-01
1.707877333237150241e-01
1.622758780660614741e-01
1.497066231323249119e-01
1.363218665810521091e-01
1.662414814583218492e-01
1.771639819528738335e-01
1.714155986415391575e-01
1.560803125326341023e-01
1.521296910536363844e-01
2.049738439978135152e-01
2.060733774991168332e-01
2.000425757945792915e-01
1.822789591091203421e-01
1.815290461393537780e-01
1.680847703681122574e-01
1.744983707971606846e-01
1.669826137607714478e-01
1.878666814818205910e-01
1.988553165044726345e-01
2.311941715262907926e-01
2.370574353630633957e-01
2.405338022551635757e-01
2.438103995723171491e-01
2.464793239293843752e-01
2.478379175631520437e-01
2.508686021256642529e-01
2.529267088899171956e-01
2.547816680453973692e-01
2.551063023263782092e-01
2.571119341024927785e-01
2.598491590706606402e-01
2.627243123653277834e-01
2.642027391534673697e-01
2.660952125793363265e-01
2.681197962077765951e-01
2.690974322056325363e-01
2.707508781949234944e-01
2.713676822171526837e-01
2.725021488317969087e-01
2.728383828513250009e-01
2.732092960138805537e-01
2.745522111513707397e-01
2.748389810924833920e-01
2.756046380489294290e-01
2.759272621313300089e-01
2.766227797928137999e-01
2.773106388933685440e-01
2.778545079927427497e-01
2.786793166767440044e-01
2.791436766260632640e-01
2.794688648595985425e-01
2.796653378326147132e-01
2.801180580485044258e-01
2.806102055328557610e-01
2.811061108083788285e-01
2.814106949283097792e-01
2.815477373345521839e-01
2.824511206591307499e-01
2.827580475867531584e-01
2.830800732356234528e-01
2.833907418647637622e-01
2.835974645695383822e-01
2.837596348438179428e-01
2.841552276219087014e-01
2.843981064237365297e-01
2.848180894075081904e-01
2.859739080556661373e-01
2.864065805033529921e-01
2.869411388161321463e-01
2.868300485547475853e-01
2.867700557989106835e-01
2.870559869204495351e-01
2.868078586399175345e-01
2.859813106596217347e-01
2.851689837192449284e-01
2.848846656869451488e-01
2.859441053976748970e-01
2.873410754053790095e-01
2.887680342305426473e-01
2.899751640810749320e-01
2.887951982088449165e-01
2.873309703096534884e-01
2.877582817297621443e-01
2.891390561728328645e-01
2.905317662435507042e-01
2.910320373300319674e-01
2.916229050385564237e-01
2.925905391240269937e-01
2.922679021187005177e-01
2.931121725562971236e-01
2.937238686086712236e-01
2.935542209113091716e-01
2.923411075789399960e-01
2.931719071979924096e-01
2.940807943185373419e-01
2.936106949743671479e-01
