1.916414132034560680e-01
1.606705103601721307e-01
1.745347249299515069e-01
2.120646454583815510e-01
2.031172204423871697e-01
1.868081225507191301e-01
1.771042015103075074e-01
1.981318442414837233e-01
1.976254822477497564e-01
2.036178966003096003e-01
2.065742250427607951e-01
2.081907320228598701e-01
2.035098517351898173e-01
2.022309376664740421e-01
2.027170293417472902e-01
2.041759432484087367e-01
2.044548472829393060e-01
2.065993608328045295e-01
2.039909702631394484e-01
1.944315280718351135e-01
1.908252750520844088e-01
2.109926461736909009e-01
2.085835362542331484e-01
2.211503471735550286e-01
2.313196248154480716e-01
2.315342404687800448e-01
2.183271527663867839e-01
2.110806176396500533e-01
1.924549782263110242e-01
2.230352631936955432e-01
2.009214434640236302e-01
2.299882216475516716e-01
2.365060753523253456e-01
2.283218228945302908e-01
2.137335473967570953e-01
2.120898680097925149e-01
2.064956610839805418e-01
2.082104615367669220e-01
2.075558064508684630e-01
2.215447134446495436e-01
2.203565304129963265e-01
2.054448326488193810e-01
2.366169925001832541e-01
2.345577279004373294e-01
2.318512638955570471e-01
2.344920244156372680e-01
2.348420195573697744e-01
2.361682492520768561e-01
2.535822020063842608e-01
2.531679232908602417e-01
2.531701530389939281e-01
2.538651378178196083e-01
2.560133631756338346e-01
2.584464172811289373e-01
2.540305817901757912e-01
2.568281892554300505e-01
2.558841825366475753e-01
2.551190732920081139e-01
2.532332481569032900e-01
2.539383115945388347e-01
2.603809654956426023e-01
2.560905013751602066e-01
2.554349786583370308e-01
2.370610474064277773e-01
2.362626458558702014e-01
2.335596685624837798e-01
2.008889692871376753e-01
1.826802648934172379e-01
2.108781097071427413e-01
2.099390989251203044e-01
1.896423692695311802e-01
1.698859519412628527e-01
1.745004659775444833e-01
1.740331206213242554e-01
1.674801493273423425e-01
1.719298448415702008e-01
1.634661334394635901e-01
1.985876890033344278e-01
2.051143411386874282e-01
2.031417373229391643e-01
2.175189040294829568e-01
2.248688663089837558e-01
2.311232408533290539e-01
2.293770344690604646e-01
2.328408174903491556e-01
2.389976852426527743e-01
2.424491474316785855e-01
2.444483024696713358e-01
2.459140411769296375e-01
2.478311001190560969e-01
2.508714693415609043e-01
2.570370165917282290e-01
2.606330879145032364e-01
2.628535590894541807e-01
2.628867139709862299e-01
2.641661754485492564e-01
2.652263376683502427e-01
2.665366984190721267e-01
2.673238981404163495e-01
2.682003582714849732e-01
2.685389581430961958e-01
2.699835249724736319e-01
2.701844121140191679e-01
2.703120929037930442e-01
2.704003736936891333e-01
2.700190465637735682e-01
2.690268528029793882e-01
2.689302433028352701e-01
2.687259474770108958e-01
2.690351568881816369e-01
2.681146371415671914e-01
2.680047022672145118e-01
2.671542448874308917e-01
2.686209593452506539e-01
2.708624846522500462e-01
2.719725805986374922e-01
2.717575701066810012e-01
2.713355963891874723e-01
2.717233562293106530e-01
2.714198517873658290e-01
2.712525617875574113e-01
2.708075547092878566e-01
2.698750616631944155e-01
2.680962922478066779e-01
2.677646877487320221e-01
2.674616205375894284e-01
2.672183042713111578e-01
2.663373739709566368e-01
2.663513790753454513e-01
2.655895951497909691e-01
2.649958361944441121e-01
2.638740242159797189e-01
2.647750268729537337e-01
2.645340729363993004e-01
2.643869082690030181e-01
2.643318409477756203e-01
2.596674995711650835e-01
2.594637454908620411e-01
2.579184276737719328e-01
2.582125303361094693e-01
2.576763254765096489e-01
2.516275085722695648e-01
2.521012407332959837e-01
2.526531953053704482e-01
2.533934757389174619e-01
2.499510662574624953e-01
2.483374801185851966e-01
2.493161237652890549e-01
2.473283661479643569e-01
2.460716394102067106e-01
2.147938479046822002e-01
2.010230712634720751e-01
2.027134999876167853e-01
2.257663860670324207e-01
2.248317241451513460e-01
2.095148684720323229e-01
2.038378913171340623e-01
2.068276666807475350e-01
2.022502939299153368e-01
2.146092389316873739e-01
2.004020508267681799e-01
2.008178510932660532e-01
1.893878409292970577e-01
1.820628389487358723e-01
1.839734723894425328e-01
1.792684827225696220e-01
1.978941892777364986e-01
1.948408780053983713e-01
2.049149811198004989e-01
2.115541632685005169e-01
2.083426635788785397e-01
2.159115783568270608e-01
2.213295122226557332e-01
2.281245909533831107e-01
2.327724022369825618e-01
2.364335009906446405e-01
2.401115589081892765e-01
2.188404438305609490e-01
2.365705635207998869e-01
2.243521415380312356e-01
2.035728510960324589e-01
2.088989359814149294e-01
2.174079293975756388e-01
2.157840856737839874e-01
2.121472222463217372e-01
1.916763130157228545e-01
1.987980654085819143e-01
2.044791643761344480e-01
1.990655125792517854e-01
1.887579001640291021e-01
2.040315107894835611e-01
2.093168558736399620e-01
2.232517037237095880e-01
2.265554823088881953e-01
2.319707026314091203e-01
2.433408576385800992e-01
2.514249893981203021e-01
2.564021788811625679e-01
2.599918737718691641e-01
2.681519057322840904e-01
2.753817925699333369e-01
2.799132452632331347e-01
2.834618558635522145e-01
2.856649344234394317e-01
2.873541364669474074e-01
2.905216113944699696e-01
2.916873490111722145e-01
2.934924863079142465e-01
2.950895646833030517e-01
2.969131038545581580e-01
2.974765095206292065e-01
2.979752103462031121e-01
2.996555561727743955e-01
3.005601321819928451e-01
3.024046945124354568e-01
3.033396440423274942e-01
3.053678535983225251e-01
3.075297415265184631e-01
3.086036093247620515e-01
3.095163103209578326e-01
3.092927856498298711e-01
3.113846192092913912e-01
3.105499513670609835e-01
3.078734933339973834e-01
3.097798043615939134e-01
3.118427371233428724e-01
3.128352928230105912e-01
3.143706727503441378e-01
3.136652012406074830e-01
3.110847696909758708e-01
3.127751263762064693e-01
3.146147131846267486e-01
3.150740006617492872e-01
3.143742435401894464e-01
3.153651632972563901e-01
3.156379408091273264e-01
3.165004640175633766e-01
3.157426568785897114e-01
3.160403279778715713e-01
3.155997966726412640e-01
3.152528143226820401e-01
3.177907978673014666e-01
3.165451374733467826e-01
3.175221104036704545e-01
3.167085121880492959e-01
3.186808387206933602e-01
3.162980594142001944e-01
3.179674497512773867e-01
3.197727133963876311e-01
3.193800437919075419e-01
3.196788790492174348e-01
3.191133681066385952e-01
3.164044266164627306e-01
3.175006069355721383e-01
3.177410060589064278e-01
3.203590541866215835e-01
3.188885629409109468e-01
3.198554559985605783e-01
3.163274231479580312e-01
3.199457300543254723e-01
3.212329287416760826e-01
3.199353866739439445e-01
3.209099195251038372e-01
3.201479137376831430e-01
3.196618626937474672e-01
3.217456975247027784e-01
3.195168530554023389e-01
3.230257499097300977e-01
3.225915454866576382e-01
3.233827229039983875e-01
3.205991811199150332e-01
3.223270912674801592e-01
3.240115039905599459e-01
3.236401991815095469e-01
3.224591038982882463e-01
3.247216483476317306e-01
3.234573316152793421e-01
3.264907600949394917e-01
3.236644750903880929e-01
3.264872830966946138e-01
3.268352420521390966e-01
3.258306660302973112e-01
3.251528278536265359e-01
3.289400785559432050e-01
3.277642202645533187e-01
3.269682088596804759e-01
3.259432613857010663e-01
3.288421211221342899e-01
3.274070821315130386e-01
3.306406353038350288e-01
3.290204055822963936e-01
3.310190686059381049e-01
3.313328590682526609e-01
3.321623728705258016e-01
3.330704313873961708e-01
3.314721430363629096e-01
3.325822828526820429e-01
3.310955570244100143e-01
3.338921078910156992e-01
3.331160447317511042e-01
3.343215556831732882e-01
3.327792052930912403e-01
3.351987586459567181e-01
3.325432306408496741e-01
3.346728808740503380e-01
3.319825066199068586e-01
3.339205449304340489e-01
3.345380064831524614e-01
3.337380454697531640e-01
3.332303405052052803e-01
3.297352852421776559e-01
3.304236959582435018e-01
3.346517100501196218e-01
3.302882022615544755e-01
3.330713949943041596e-01
3.366240454640583302e-01
3.350686185676119422e-01
3.372757669378452228e-01
3.344417043733565187e-01
3.373992337062454716e-01
3.391003363496829515e-01
3.366828187197179467e-01
3.399505240269982131e-01
3.405020180864348767e-01
3.402977044267836426e-01
3.426117989776949480e-01
3.425721904043066979e-01
3.420263904811045585e-01
3.447343532522873510e-01
3.441888268300581921e-01
3.429436106407401930e-01
3.441562114938987449e-01
3.412037966207916995e-01
3.457923274369276712e-01
3.442285462011822617e-01
3.455844443204822980e-01
3.458476969475468010e-01
3.431296175989499986e-01
3.461044942829429871e-01
3.451019131633783488e-01
3.490344307998638484e-01
3.483603909129469045e-01
3.504746369948206763e-01
3.519384882268950521e-01
3.508694266605543732e-01
3.495821901223080119e-01
3.518181318232818655e-01
3.496445815013685121e-01
3.435952467510814401e-01
3.457362353650550446e-01
3.486697978825104571e-01
3.502546420423895968e-01
3.528302656314990515e-01
3.457760477784885822e-01
3.473906342977697848e-01
3.499358563864261584e-01
3.485168610590135274e-01
3.435322372612317765e-01
3.461199024621946507e-01
3.457893724015574932e-01
3.460135634421730444e-01
3.398463751071885142e-01
3.403895582795284369e-01
3.417674486576087745e-01
3.452871357991424972e-01
3.379361685125585879e-01
3.410557082594349865e-01
3.437270016582969490e-01
3.433268886461773306e-01
3.429890042585865828e-01
3.443042845191284229e-01
3.411569678868344724e-01
3.457502256342221969e-01
3.433008532267676216e-01
3.452482048290930194e-01
3.361569753158191176e-01
3.376491457466981316e-01
3.409038830028547906e-01
3.442800662695644220e-01
3.462343371065825792e-01
3.372194435944519952e-01
3.404617960530940124e-01
3.436635293162479954e-01
3.477878276976325012e-01
3.453820838275332150e-01
3.498220589940528313e-01
3.526975772867926295e-01
3.436354627899644854e-01
3.469991556728500015e-01
3.514378245403149137e-01
3.532058616042403898e-01
3.459903753978350593e-01
3.487530897843980071e-01
3.413730463364599288e-01
3.460200582209180808e-01
3.419851403051579197e-01
3.474606235113268937e-01
3.397210191047888017e-01
3.408045268107597892e-01
3.410642844778548621e-01
3.396389223688656145e-01
3.429829734290894550e-01
3.441730802676108425e-01
3.375784446766108005e-01
3.410665536348194138e-01
3.447510036423597768e-01
3.470953940070291566e-01
3.382944404396273086e-01
3.412962089861393267e-01
3.334737262906655175e-01
3.375315642135801042e-01
3.414563988928609461e-01
3.428922804156133708e-01
3.371738641343453580e-01
3.410045294647288117e-01
3.452631062080815383e-01
3.488711721633723228e-01
3.444689308930453109e-01
3.498922331018280985e-01
3.533936363982962958e-01
3.331727187560051817e-01
3.366793177745837085e-01
3.409509932101588703e-01
3.393579994009048306e-01
3.377522287683820679e-01
3.419332417539369118e-01
3.408261821163893757e-01
3.403659134890819615e-01
3.450842955653303790e-01
3.414802557658464521e-01
3.434219163480936032e-01
3.465142962935220949e-01
3.422554993086084352e-01
3.464255170096937064e-01
3.506971661924768724e-01
3.499826965229164144e-01
3.466766105284210808e-01
3.413315681826549763e-01
3.458340124127250448e-01
3.494490454715747929e-01
3.527585666518877061e-01
3.475170281634252234e-01
3.359956986946333046e-01
3.380891012455737865e-01
3.406332046372160249e-01
3.366361663794084080e-01
3.396034103401635029e-01
3.406695130806571825e-01
3.371006002266501156e-01
3.420751980131360170e-01
3.449541189004055042e-01
3.466117221462087783e-01
3.428965340458662858e-01
3.478974421884859503e-01
3.531654705045812470e-01
3.531143439097550463e-01
3.485608447243921937e-01
3.359847414499372853e-01
3.366633248009693880e-01
3.347682638154938495e-01
3.379106455580713764e-01
3.388386686744015996e-01
3.364611667446015808e-01
3.401921229982636241e-01
3.392071869922292926e-01
3.387722723158237415e-01
3.421888309092953051e-01
3.432113367438378582e-01
3.390380148461136223e-01
3.438758745502528136e-01
3.368008534335398263e-01
3.393761087529316711e-01
3.432504511228162691e-01
3.440013981336451643e-01
3.480117718687285588e-01
3.460408573437407931e-01
3.479906093366653685e-01
3.510999484937844528e-01
3.503906525514114967e-01
3.475464805378312150e-01
3.496872646115751770e-01
3.538376963043975976e-01
3.550537384510067951e-01
3.524503418610453465e-01
3.370304394600527331e-01
3.393426226294171677e-01
3.313810204875349275e-01
3.343051714980400657e-01
3.362850331933220360e-01
3.386575175621562295e-01
3.451960398662397012e-01
3.497477704296176326e-01
3.397212000396354625e-01
3.436775052712466305e-01
3.449365208254864257e-01
3.458315135984282307e-01
3.404373623232306301e-01
3.439305467106539282e-01
3.450173552324446447e-01
3.393515400534585780e-01
