3.118098980037239953e-01
3.114463041117624953e-01
3.097705022071232661e-01
3.074439169711177811e-01
3.029974254302424952e-01
2.991435870971397848e-01
2.947973642912327663e-01
2.934663986783832001e-01
2.884200730299468773e-01
2.866982359570539041e-01
2.794954185534589408e-01
2.729309218426788641e-01
2.641899547660591652e-01
2.572325279997025316e-01
2.514173668695443009e-01
2.413551216921971942e-01
2.296502236436276101e-01
2.214636885633566865e-01
2.139422959749694431e-01
2.044041919620110392e-01
1.988032262928652316e-01
1.857358108899934135e-01
1.717342810512542950e-01
1.582658595954125891e-01
1.654118165910735683e-01
1.585846329191589743e-01
1.369367124551430503e-01
1.267063068936789549e-01
1.263701304667436687e-01
1.159536352066354442e-01
1.046212625350959324e-01
1.083758749544198041e-01
1.061166502694680241e-01
9.073283667131580577e-02
8.380826594459976631e-02
7.997277383069945067e-02
9.038640859265664740e-02
1.003118327020511014e-01
1.122881903359748273e-01
1.158927425349290941e-01
1.156572436336505000e-01
1.058697240507508880e-01
9.970970041487174640e-02
1.052846619112999399e-01
9.678516034947379221e-02
9.275217983146033518e-02
8.537969697019867632e-02
1.076551795023877739e-01
8.881621600773789704e-02
7.544323826170128144e-02
5.760225298008564421e-02
5.745112062254059682e-02
6.043964975361389158e-02
6.986477122263254347e-02
7.352554697460543520e-02
7.282163527267544734e-02
5.409208801758430551e-02
6.376728264297820692e-02
6.121511002142192293e-02
5.482955611381735289e-02
7.727199404677327632e-02
8.032107516004259595e-02
7.671225054957961365e-02
6.886499736514108128e-02
6.756003427266700501e-02
6.109004864173624150e-02
6.810012313125385353e-02
6.547543755927678899e-02
6.521476594387905223e-02
7.083461336765294047e-02
8.096981961355961821e-02
8.027281591932827753e-02
6.306647558200929871e-02
6.557443747201414930e-02
5.894045162259722859e-02
5.416688377557248718e-02
5.891337867513242454e-02
6.450510250677760071e-02
5.305306289968612227e-02
7.067473741075025462e-02
6.868028904888934250e-02
6.116109330393920684e-02
6.882284638465466231e-02
6.951781776280498149e-02
7.229572794603483787e-02
8.567303016328356446e-02
7.467613672322209739e-02
7.319079102234785084e-02
7.489086683708907899e-02
6.371265112580390411e-02
5.943052088470131972e-02
5.371697148776154868e-02
8.782563237440460524e-02
6.335674468143664972e-02
7.497749872896627976e-02
6.317507212943788975e-02
7.988878033742141671e-02
7.723213290782132701e-02
8.749185032133746653e-02
8.320294522799964732e-02
