7.513665034962042910e-02
9.427224461381711329e-02
8.312574658384741522e-02
7.987735900450659843e-02
8.666722312935778993e-02
9.861576383300374449e-02
8.482188624175701630e-02
7.807423909385463601e-02
8.344727230715742738e-02
7.531077708765079870e-02
6.889140850785568926e-02
8.066351388039542936e-02
8.522947465832653169e-02
8.597191881548944814e-02
8.765215511339757848e-02
8.574848121962791447e-02
8.176258812441113133e-02
7.908269961728563169e-02
8.049934124016588921e-02
7.314095510047434467e-02
7.814247519540180875e-02
6.998409626597064392e-02
8.314244377736978997e-02
6.678958416103131235e-02
7.520318860918265291e-02
8.205579201153717639e-02
8.722632571758874576e-02
1.013564997105995957e-01
8.332177020135432544e-02
7.992893875034237650e-02
1.011571972271917835e-01
1.151748877839155472e-01
1.105735026819222311e-01
6.780803542567975795e-02
9.287184049227595328e-02
7.868225581797869128e-02
8.851177246095422169e-02
7.861759295165440808e-02
8.542510238582635973e-02
8.058379844914281831e-02
7.990160749956376485e-02
8.781228205461732994e-02
8.350282216495139020e-02
8.478087205427198292e-02
6.649787290218088509e-02
7.649027030725025211e-02
8.389567315472502840e-02
8.348947734888496897e-02
7.622591330126528286e-02
6.961024858626017886e-02
6.257083503408455982e-02
8.486089562107174133e-02
8.533838837169685498e-02
7.709540267849920858e-02
7.260889039849292848e-02
8.758972570482498332e-02
9.295195301831274404e-02
9.554518257076607957e-02
7.558406872058631709e-02
8.022147262719303562e-02
8.173392761655554062e-02
9.847576749037986743e-02
9.436306195180055312e-02
8.483910869707673996e-02
8.982179388829410194e-02
1.002665509910424108e-01
9.076888224413789952e-02
9.653071088789226539e-02
7.964635406508731308e-02
8.599141435457986760e-02
7.731386236330099748e-02
8.494677732740461840e-02
6.817612960354456353e-02
8.241762753086145921e-02
9.426502327755534316e-02
9.525010053399202148e-02
8.389860931213960482e-02
1.039208975493312592e-01
9.200967358494190063e-02
7.587495369088595454e-02
1.001159484939812411e-01
1.025903081189806776e-01
1.053042043205756756e-01
9.916664597943611326e-02
1.132679456194831263e-01
1.305790375443280082e-01
1.149797895436294737e-01
1.056339935647477302e-01
1.040702057888339555e-01
8.873250971273591303e-02
9.993825127589477109e-02
9.907254592209685518e-02
8.639114382249990509e-02
9.035922028946868911e-02
9.309448223066731087e-02
9.591251046784821099e-02
1.028452397107765537e-01
9.358069203428359684e-02
9.365852667225182948e-02
8.682733817440795032e-02
8.572838539892779774e-02
7.479092063966635839e-02
8.473764835556382713e-02
8.562617489220711309e-02
7.987897772554616860e-02
8.119720389458506826e-02
7.347418724975475490e-02
8.536919670723211451e-02
8.936590608483954701e-02
1.003467316338095550e-01
9.682517372446017290e-02
8.343142802616065890e-02
9.196516569480521486e-02
1.018157972676815015e-01
9.997038262789624541e-02
9.228453476490738883e-02
9.898531857116860122e-02
1.007540379818261667e-01
9.121956726359181644e-02
1.168214697448987094e-01
1.121928460020680252e-01
1.129598021963285348e-01
9.985646002721124126e-02
1.223633229777652265e-01
1.174666262242439613e-01
1.083092262631252800e-01
1.027821749711166077e-01
1.071063493402889671e-01
9.585464792244148546e-02
9.107227953226076922e-02
8.506126045274417513e-02
9.216364730501684643e-02
9.802683818791885217e-02
1.123385545842166683e-01
9.275186039097021995e-02
7.808966539389412820e-02
1.049768908072573337e-01
1.075376403273939352e-01
1.103549384472748973e-01
9.202544218759839412e-02
8.396956632714734636e-02
9.620407720804538543e-02
7.779276498479842372e-02
1.142215427703016373e-01
1.152345493658612496e-01
9.372368145982465371e-02
1.075142385490573116e-01
1.154638938655719316e-01
1.126969771923153063e-01
1.158924654607063898e-01
1.037339706290437980e-01
1.268315009536917226e-01
1.155953808308485681e-01
1.222269420137055695e-01
1.285659085455545525e-01
1.301460843798988853e-01
1.263376705299145697e-01
1.309584631658428366e-01
1.179244315601837012e-01
1.228946960045916303e-01
1.282435150783200750e-01
1.306071336930812177e-01
1.303704355239083401e-01
1.276311505552565895e-01
1.312795310202332921e-01
1.431288718274197624e-01
1.184705683392190401e-01
1.391382242227120480e-01
1.241385329681443939e-01
1.224861705265711809e-01
1.200960096433851265e-01
1.267697308759672126e-01
1.470082236293787648e-01
1.420500288639994779e-01
1.495410080956273979e-01
1.549349888802918629e-01
1.413315327062799609e-01
1.452071311631620565e-01
1.430603489186152988e-01
1.470972416498991797e-01
1.607937676867181309e-01
1.532788695040344928e-01
1.419088321572850586e-01
1.464904596628981426e-01
1.234130412606009308e-01
1.255257904512610267e-01
1.055350632478425643e-01
1.325072393806061566e-01
1.266724800451795585e-01
1.068253675574358519e-01
1.194096525116434132e-01
1.190615838552871730e-01
1.092804060629713886e-01
1.208697234864725412e-01
1.235368298115213509e-01
1.345953023610205745e-01
1.279933668188227847e-01
1.260896729707073061e-01
1.443519984774249698e-01
1.428910040554430827e-01
1.184020310311530710e-01
1.255028618915327021e-01
1.398197520411079420e-01
1.355549511664942974e-01
1.304517888136619841e-01
1.522668857893108574e-01
1.447746266845864049e-01
1.441096297094934253e-01
1.500700847190174492e-01
1.476689805660137134e-01
1.460932942649678379e-01
1.553744323061251320e-01
1.376378649676856247e-01
1.573960948027876006e-01
1.533321464419834801e-01
1.298033100409265450e-01
1.128178604803119489e-01
1.334978404678647257e-01
1.304288274152114180e-01
1.170187240456773553e-01
1.157420793564150202e-01
1.153017926272938976e-01
1.332623621598787444e-01
1.305160343164892267e-01
1.234394640164619555e-01
1.121007817953436070e-01
1.410306442450484643e-01
1.500007814379080151e-01
1.399747328808533808e-01
1.549658919011162594e-01
1.392790181314071396e-01
1.151076297449930147e-01
1.311902638910348862e-01
1.269204712608975882e-01
1.156206390807741624e-01
1.254394883562002516e-01
1.080291360515772958e-01
1.126965828171798967e-01
1.084107764163836363e-01
1.181881517939369908e-01
1.130141703897310085e-01
1.322288524056071668e-01
1.105481751998100837e-01
1.005805290843484329e-01
1.218774732929868709e-01
1.177477626748089923e-01
1.081809436388114221e-01
1.170260538485738133e-01
1.144131895589022285e-01
1.054531467872024258e-01
1.075290232017298425e-01
1.093914940393260621e-01
1.102753376426889309e-01
1.324009086583682882e-01
1.285595361819849292e-01
1.220040885440281386e-01
1.201477922766996664e-01
1.313756074511686356e-01
1.038175689236627286e-01
9.493482614655958385e-02
1.268258672983849922e-01
1.246014423577970764e-01
1.262445858486422046e-01
1.567152053142945589e-01
1.216993269869858785e-01
1.016897906374905625e-01
1.262134004595397985e-01
1.287789609153028869e-01
1.259679406660409451e-01
1.203680151037475887e-01
1.207060964747624643e-01
1.182984464408764480e-01
1.059413950325782811e-01
1.133252262200685478e-01
1.038464317848843271e-01
1.186676292810764366e-01
1.272387773395025901e-01
1.274074272967717358e-01
1.277332675880363533e-01
1.436607752788655046e-01
1.316546776383695772e-01
1.363723370913430544e-01
1.110179196517608879e-01
1.069419194010420016e-01
1.175080679939048828e-01
1.164870365165887878e-01
1.331724657118875665e-01
1.319359204184280820e-01
1.229887598326570713e-01
1.041999410203077181e-01
1.100117765597546371e-01
1.173435280756383592e-01
1.292178987401707280e-01
1.286161486177953561e-01
1.030361015338522729e-01
1.211773206147346571e-01
1.349459050873689225e-01
1.330710136472844085e-01
1.144431902517490107e-01
1.333789833159168547e-01
1.037537204060831331e-01
1.338511199318890288e-01
1.305463531779384179e-01
1.297729890002182751e-01
1.356423907672920370e-01
1.497550571253599694e-01
1.345561958615049958e-01
1.607416760247538656e-01
1.540433832434415784e-01
1.580258303636828121e-01
1.454238778793883191e-01
1.637290720841185765e-01
1.533784041158710310e-01
1.457186463576872759e-01
1.414234731968667669e-01
1.232757407368004071e-01
1.269979019536395803e-01
1.481966024701296125e-01
1.456796067120932903e-01
1.381660041960147411e-01
1.348099983019102333e-01
1.257205886719555687e-01
1.375520593131512315e-01
1.272194873250808433e-01
1.361982129679757403e-01
1.346148226046450513e-01
1.745562934985256387e-01
1.629725371830704483e-01
1.739191478611865627e-01
1.756340440376678025e-01
1.721195425398834855e-01
1.719978671697152128e-01
1.741287297268510337e-01
1.688515476346076905e-01
1.822673127163551565e-01
1.784430466310935048e-01
1.745994110216319561e-01
1.695686068058058216e-01
1.718762835426361768e-01
1.854412876271747945e-01
1.801716595864354675e-01
1.726217478580783227e-01
1.718578163736115827e-01
1.859375067891971822e-01
1.833726825834114393e-01
1.760213400701153286e-01
1.772311629679059752e-01
1.612029586632131306e-01
1.553759063236028748e-01
1.612063248416276129e-01
1.553354853110973655e-01
1.489996184779802113e-01
1.640411089928274224e-01
1.599329171848794529e-01
1.591212074623980510e-01
1.402665552000665061e-01
1.548237954685587892e-01
1.451489910546576723e-01
1.378115987533265474e-01
1.369045325220357712e-01
1.237208271328440606e-01
1.378916469458945082e-01
1.296623226317282773e-01
1.357144152109891200e-01
1.420410056102981433e-01
1.279195384893412335e-01
1.097281999887577547e-01
1.177995860864433086e-01
1.557260203648070107e-01
1.439233137970548637e-01
1.500406853710511412e-01
1.310269478787897124e-01
1.231733599676781976e-01
1.477542480194650454e-01
1.242535725658185097e-01
1.474419692168218443e-01
1.193868291470638887e-01
1.353190692305169529e-01
1.527229536709867053e-01
1.834098462645952221e-01
1.852232535599538377e-01
1.856288137281436601e-01
1.886204172921096267e-01
1.922540377455375926e-01
1.941878976282921110e-01
1.959499932013122891e-01
1.984063987625597214e-01
1.996217728793115431e-01
2.011132075639071037e-01
1.989769579079206929e-01
2.012142938115818736e-01
1.994699538997441179e-01
1.976878641228342615e-01
1.951325931431643623e-01
1.982955372578432129e-01
1.959682129199025180e-01
1.577380649669422596e-01
1.294577230952716485e-01
1.193140531953173489e-01
1.317546374743691351e-01
1.405293103835100199e-01
1.423667595159382460e-01
1.547193713007192217e-01
1.532076578810706857e-01
1.438295250471370301e-01
1.494444138177817849e-01
1.466008290868217045e-01
1.477672317989186523e-01
1.655059783443762478e-01
1.653702969658874533e-01
1.628751530849775198e-01
1.652747541441086654e-01
1.669173998567443917e-01
1.616459465604163648e-01
1.633375337975177533e-01
1.645507895500134543e-01
1.608895661133839528e-01
1.521299625510983966e-01
1.529920872048159408e-01
1.608511764253475751e-01
1.504433313759631630e-01
1.362167371754108847e-01
1.452549121484829342e-01
1.505639725453845612e-01
1.392767006223794013e-01
1.476030189504583534e-01
1.625949337085476620e-01
1.799139798971569615e-01
1.840072175770604002e-01
1.818242940122945517e-01
1.784547209256788780e-01
1.830900271310784699e-01
1.779891719708459052e-01
1.799384191253025622e-01
1.733889779496095573e-01
1.715274596387685868e-01
1.638200095177712590e-01
1.585743907402366870e-01
1.413043319900054995e-01
1.371778302049036502e-01
1.411710624417641391e-01
1.418676416867103995e-01
1.747710999266727794e-01
1.807725130692838522e-01
1.848518699540148691e-01
1.801451502314462272e-01
1.634330889183210900e-01
1.690009086702223273e-01
1.712040214739519173e-01
1.650455581093384638e-01
1.502903412817154782e-01
1.609567397792074361e-01
1.414151683890069178e-01
1.482102127109620748e-01
1.495420829860297229e-01
1.508863906887026041e-01
1.517413648335451115e-01
1.513716646586088233e-01
1.761075568406855751e-01
1.773460879339499030e-01
1.733927392234924647e-01
1.717728858770378175e-01
1.699333979933946304e-01
1.757357946093214274e-01
1.754044768317419845e-01
1.682600530880942746e-01
1.606265635328867902e-01
1.542242798036473350e-01
1.514318955261723665e-01
1.592652190669249790e-01
1.721624075889559013e-01
1.343906076931604132e-01
1.413896915070398108e-01
1.475022213989794495e-01
1.353728000170925649e-01
1.569527127849738579e-01
1.465540021575232887e-01
1.312195138649545345e-01
1.269559749425633322e-01
1.467088971920133544e-01
1.388433146441561128e-01
1.557788805246280439e-01
1.389063364682032453e-01
1.332135826753654273e-01
1.501670939578985675e-01
1.516039165438963221e-01
1.376112140429191777e-01
1.741252210549706358e-01
1.720232054888473083e-01
1.682178859033800211e-01
1.520113933535422179e-01
1.535257692409809638e-01
1.197288799396602765e-01
1.157295055220931013e-01
1.274735765383451236e-01
1.203928786134392526e-01
1.559153049131396518e-01
1.469543070265410256e-01
1.406081017019787938e-01
1.418098869965134790e-01
