2.402573963840545224e-01
2.399914015909011544e-01
2.399719899180631222e-01
2.400428778850759448e-01
2.396904009724089013e-01
2.395189823941613616e-01
2.391175304432685556e-01
2.391193883299415068e-01
2.392197411604278789e-01
2.389923124350893380e-01
2.388516110144841553e-01
2.386862350462756188e-01
2.384729285617644967e-01
2.382353955249122412e-01
2.382371758935327710e-01
2.382895904369938256e-01
2.382630476414474563e-01
2.379325459688684807e-01
2.378470304457719342e-01
2.374283689051649437e-01
2.375566248584787266e-01
2.380977228377728627e-01
2.386116548651612268e-01
2.383854739520016031e-01
2.381305635709564106e-01
2.381624821783757673e-01
2.381620674778955893e-01
2.385011059733356253e-01
2.390065727732858525e-01
2.389955595345950590e-01
2.391014384839932339e-01
2.391418222315392361e-01
2.396635167743793593e-01
2.395635713684155510e-01
2.393587343313979821e-01
2.394240423083088265e-01
2.393328793033274726e-01
2.391780288227151052e-01
2.390319671895836384e-01
2.389103847154897542e-01
2.385117754666848944e-01
2.386484946829282583e-01
2.386771365046284066e-01
2.384002625977869050e-01
2.385377186793616877e-01
2.384223894397278221e-01
2.385042074594080352e-01
2.382454020618011148e-01
2.386705327181685155e-01
2.385087590141762304e-01
2.383423431370016443e-01
2.389053323172544152e-01
2.389187794092418882e-01
2.391161057826235448e-01
2.393758028051803377e-01
2.392051145311694382e-01
2.392223701049357443e-01
2.391754888981364457e-01
2.393612036125983833e-01
2.397435985208272724e-01
2.405184411495707719e-01
2.406232333328358619e-01
2.407965540646824776e-01
2.414951402162101024e-01
2.415955723910142572e-01
2.417939180514790953e-01
2.416497399745990426e-01
2.419826614560575129e-01
2.418762937514825628e-01
2.419053265394891516e-01
2.417763674667353646e-01
2.419132851711024434e-01
2.421467719169582145e-01
2.424917083036403076e-01
2.424024705024917514e-01
2.426156388165677802e-01
2.427938430547497140e-01
2.430242943875041695e-01
2.429389792297284023e-01
2.431075214182042421e-01
2.434231281432571725e-01
2.433824076643927858e-01
2.432380004385036321e-01
2.440914274951469232e-01
2.440505766456740055e-01
2.443890431926379059e-01
2.442637261150198136e-01
2.441591041746109803e-01
2.442430812110219229e-01
2.442272826914236028e-01
2.444135551662443284e-01
2.444423524315029461e-01
2.446948987084001381e-01
2.450441558351999227e-01
2.450701114752123211e-01
2.451611663449116130e-01
2.449526134181328196e-01
2.450933091052834023e-01
2.453176304874036540e-01
2.460829538352813650e-01
2.462750800508333449e-01
2.467800655607393090e-01
2.470102531254783351e-01
2.468514738896887828e-01
2.474217732700312589e-01
2.473976265931528140e-01
2.474821754034169097e-01
2.476442611253846515e-01
2.474886409648720254e-01
2.474914512016370971e-01
2.475448943908818145e-01
2.479347165966432620e-01
2.484386859463088293e-01
2.492462666881296862e-01
2.495009609732337374e-01
2.494574822661493052e-01
2.499222050131324757e-01
2.496815919179029841e-01
2.494453846769433547e-01
2.497676511460034665e-01
2.498077685935007897e-01
2.500460266067697224e-01
2.500057073533120122e-01
2.519480664680762705e-01
2.533851836390844103e-01
2.540394499713605758e-01
2.540223038571006176e-01
2.539137103352280822e-01
2.540317127762413141e-01
2.543587971643595513e-01
2.547037806701431539e-01
2.550877025399407860e-01
2.545931801190184918e-01
2.554578237516856309e-01
2.556308369724596408e-01
2.557771294426223752e-01
2.561424857166147984e-01
2.561356742852385349e-01
2.558722017901036150e-01
2.559182875892165310e-01
2.557956945137138671e-01
2.558617268849647797e-01
2.560737068750913448e-01
2.559883775291982300e-01
2.562190495126432932e-01
2.566302967651299394e-01
2.566674196613039083e-01
2.572455515954661376e-01
2.579125273667759455e-01
2.581166257776803530e-01
2.580549069724529243e-01
2.579639970543812222e-01
2.581108030907361961e-01
2.581434690845216817e-01
2.585429287909082330e-01
2.590769854767731584e-01
2.590908452738094336e-01
2.593367402486055351e-01
2.603630137208401418e-01
2.612498094430211193e-01
2.616787232444639510e-01
2.623154908695741749e-01
2.625687814187276370e-01
2.630166256320680684e-01
2.624445504669583595e-01
2.622361384900304682e-01
2.618934857645089931e-01
2.619259226529411233e-01
2.615780978584983929e-01
2.604848973341608032e-01
2.597541155764223619e-01
2.591015606657923742e-01
2.582655093346578612e-01
2.582715623493162527e-01
2.573200617106953247e-01
2.569432311929152890e-01
2.561068791901083275e-01
2.557633682217305138e-01
2.550831436592010393e-01
2.546611083734636738e-01
2.538289502617293580e-01
2.528586972393417343e-01
2.519899876560406371e-01
2.509448772243080272e-01
2.499618681094465666e-01
2.492852071072297060e-01
2.478175441564848536e-01
2.461347281122902297e-01
2.443490513023311161e-01
2.444728648178601527e-01
2.442009508731165790e-01
2.430796111356789135e-01
2.415983360032873117e-01
2.408697907002964878e-01
2.400382364639403188e-01
2.382441891013035440e-01
2.363171882233904564e-01
2.355630486044423544e-01
2.330202839575098717e-01
2.316428791736574733e-01
2.297056132001193129e-01
2.284314552443424129e-01
2.267406621021540725e-01
2.249981720005484187e-01
2.229606063692221307e-01
2.211904610803207272e-01
2.198358535887995624e-01
2.196169900189010316e-01
2.179596401756020152e-01
2.165332431386081391e-01
2.159823274186668807e-01
2.154782264032723271e-01
2.140636192988926434e-01
2.150564633547650539e-01
2.148710635146448278e-01
2.138634242355214321e-01
2.126774348352659383e-01
2.114945338170831912e-01
2.105315710713943356e-01
2.102780657796278485e-01
2.102818430784713366e-01
2.089456882158150786e-01
2.099802017378938623e-01
2.094147819930772536e-01
2.084388207200068288e-01
2.080191655455242150e-01
2.083376166461353429e-01
2.077227965833704226e-01
2.050620315617966705e-01
2.045911822838793748e-01
2.043013523412487709e-01
2.041824163657698088e-01
2.027042382592885994e-01
2.016514747716105782e-01
2.023467708255016484e-01
2.015184276438636013e-01
2.006311212804253452e-01
2.007591191846263834e-01
2.012070820833874174e-01
2.028080369541972183e-01
2.020606209894727223e-01
2.012125091765160911e-01
2.016124127007166977e-01
2.005908947507229756e-01
2.004226440674707066e-01
2.018870342197211232e-01
2.025482200276259859e-01
2.018354867629627292e-01
2.027820318123362553e-01
2.024000075050084446e-01
2.013693725181896765e-01
2.037805759993451260e-01
2.037642187210484401e-01
2.028125027577378781e-01
2.024975466993241546e-01
2.017496009284700242e-01
2.026546504352926270e-01
2.029288474578624935e-01
2.022275018029948690e-01
2.021223454071194858e-01
2.014633375875023169e-01
2.008067952338210282e-01
1.998449316001872367e-01
1.984203643294836228e-01
1.990100781039365052e-01
1.993942625801611856e-01
2.006251424160911401e-01
1.992992231523277868e-01
1.981771858797475860e-01
1.954793943611622953e-01
1.975895170257762068e-01
1.967319416511167929e-01
1.950849230996828942e-01
1.953857248117874812e-01
1.956677980414389117e-01
1.977029044210230901e-01
2.001828555949050625e-01
2.014184591935209157e-01
2.009604862723808893e-01
2.010023080656556105e-01
2.013043711231166655e-01
2.001285075730284135e-01
2.004576479703264469e-01
1.992737766621049678e-01
1.978439524489859769e-01
1.970257715609678717e-01
1.959776486733136036e-01
1.958692828317798729e-01
1.952025375955490916e-01
1.945744680238095381e-01
1.939672642079204590e-01
1.931582037411208319e-01
1.925054780892314910e-01
1.951397273530237897e-01
1.946416907892526971e-01
1.950866889353747857e-01
1.994213601071934128e-01
1.983716125257743434e-01
2.001800117251102407e-01
1.976505214662163112e-01
1.951331979144876883e-01
1.932395899682561313e-01
1.912015458426722936e-01
1.917179207400878105e-01
1.941136189514182653e-01
1.919939418755930993e-01
1.952913122193095652e-01
1.930068919125588756e-01
1.945108809184276644e-01
1.973697717814761610e-01
1.965494208663844666e-01
1.950738149837238644e-01
1.930949762456552754e-01
1.941265684847426065e-01
1.942772809353667807e-01
1.921203292942121887e-01
1.907998671569115512e-01
1.913275872476700723e-01
1.906232561097025435e-01
1.934592296412487311e-01
1.965829669562848547e-01
1.952283254705287074e-01
1.948421202702506627e-01
1.911419799759373483e-01
1.926887659262051522e-01
1.931871765606688052e-01
1.990006601168320954e-01
2.002560251162836535e-01
1.955659286955384046e-01
1.942510063332640313e-01
1.980294436658489032e-01
1.957182912025659527e-01
1.963099363016867493e-01
1.953740509031108297e-01
1.930314168600220648e-01
1.949638016082376191e-01
1.949912779343053182e-01
1.969311711415416277e-01
1.918243556783479353e-01
1.912723820996531932e-01
1.923035613469168958e-01
1.909365979078488373e-01
1.923005612852491386e-01
1.919962998899634177e-01
1.913409181503725187e-01
1.930190548000452755e-01
1.938661069849972329e-01
1.960312761436129869e-01
1.900692369323864761e-01
1.915747272423529712e-01
1.901073687667874101e-01
1.873878451479316642e-01
1.888122989139289776e-01
1.921354129635644559e-01
1.920012950622392300e-01
1.932863266201663710e-01
1.925314113241099467e-01
1.946719279958258331e-01
1.934859090369925316e-01
1.941051491112218419e-01
1.908904531783107150e-01
1.930384796659098678e-01
1.932591880330336020e-01
1.904765594198296053e-01
1.909735123489270658e-01
1.911555751821704674e-01
1.913857752797464840e-01
1.905122983289455063e-01
1.920394091731574826e-01
1.900328312123016894e-01
1.908499518495952452e-01
1.922246132118013429e-01
1.959072389064382969e-01
1.937767289738255294e-01
1.912731472667653088e-01
1.925509488202075681e-01
1.940448471478882220e-01
1.930703030825028366e-01
1.927154839684248055e-01
1.935159246002171041e-01
1.902955839518184478e-01
1.894250449179689932e-01
1.930831624065489360e-01
1.947447718519128013e-01
1.913716188477777580e-01
1.899948632251493019e-01
1.896497942923473512e-01
1.934567749335186493e-01
1.904190980783481701e-01
1.913582246559257238e-01
1.955391499048004245e-01
1.924581005857929905e-01
1.956059030942582377e-01
1.956615735941908407e-01
1.902645073385086927e-01
1.914046300369249276e-01
1.922357756882432933e-01
1.916515776026812001e-01
1.924954927742532074e-01
1.895008118514383277e-01
1.850090770365226400e-01
1.895149491243942053e-01
1.888813318070319824e-01
1.879784482458930761e-01
1.931797134563098262e-01
1.900916210116456451e-01
1.878940535017072644e-01
1.890415994667755395e-01
1.904037215231312585e-01
1.882561827601477999e-01
1.901073997646619829e-01
1.897331176588174795e-01
1.902170462685774111e-01
1.856617620953125991e-01
1.885299787656345982e-01
1.913691136225476042e-01
1.920782262870285306e-01
1.902917164290353069e-01
1.905146091719219781e-01
1.884054900029156210e-01
1.804291772578295872e-01
1.818679748421715425e-01
1.799266964162967719e-01
1.810784080380841710e-01
1.876079459152976137e-01
1.827624809548439311e-01
1.788955484323592748e-01
1.834081157619435465e-01
1.835523590914304726e-01
1.844244162191385761e-01
1.844324804750435698e-01
1.821413853396817717e-01
1.845959062540797890e-01
1.821098915845224542e-01
1.837559257139302349e-01
1.830068653263962619e-01
1.860244470310218889e-01
1.892918584309965513e-01
1.851374219333676296e-01
1.801025073275097088e-01
1.788897513490239066e-01
1.810558003582711240e-01
1.824010576360272917e-01
1.789716395091567047e-01
1.824097279175154185e-01
1.842791798903384570e-01
1.877433485550654146e-01
1.849605649853877931e-01
1.877330413039565993e-01
1.823387340207451857e-01
1.786711109387075780e-01
1.816350359247413948e-01
1.857826716625501362e-01
1.816634489080248827e-01
1.832980190395252507e-01
1.852919406649240486e-01
1.816758280787802160e-01
1.827956005317467880e-01
1.868501849448442609e-01
1.848405148202367509e-01
1.857667472763317729e-01
1.857941445271213965e-01
1.869911610292114001e-01
1.833775323897974541e-01
1.831102551041003390e-01
1.917777017176460208e-01
1.918046844941356244e-01
1.916753076395336097e-01
1.831551339009387103e-01
1.828083672169347196e-01
1.796403476603378735e-01
1.839181155508091692e-01
1.853190696122188896e-01
1.846561913507952790e-01
1.842959391974813566e-01
1.881840171047448607e-01
1.839367545297138917e-01
1.836554145481866795e-01
1.833893235472870975e-01
1.801694664895767128e-01
1.818067922588423313e-01
1.834497394190773845e-01
1.831271187765996511e-01
1.867061119418871040e-01
1.819313858793222272e-01
1.819787574038426170e-01
1.834761683260265341e-01
1.838898675780481495e-01
1.813963748481801086e-01
1.784876033639083981e-01
1.834244662791097435e-01
1.836699908789818092e-01
1.806249910404879866e-01
1.796680564898018584e-01
1.777231225378163582e-01
1.790588277608115841e-01
1.820317573084081486e-01
1.802608928006462774e-01
1.781709469426138170e-01
1.742647568535443947e-01
