2.476930720246552919e-01
2.490306411151930188e-01
2.491208815141969790e-01
2.485389944146543240e-01
2.488073644154893960e-01
2.487029129798712934e-01
2.493351052936588208e-01
2.505544847583633383e-01
2.499289260551058045e-01
2.497170104281002945e-01
2.467804868894353798e-01
2.449916260767685539e-01
2.432142880672080731e-01
2.409560521870776628e-01
2.402773794129420271e-01
2.374086514283366700e-01
2.313287810752412688e-01
2.269959134423301939e-01
2.221840510096412535e-01
2.174905466158420231e-01
2.120944574485078837e-01
2.051175386436411563e-01
1.954162252654682297e-01
1.892950788818439367e-01
1.907948948855128224e-01
1.906749513135955754e-01
1.968232621372565661e-01
1.969761475173423260e-01
1.962149599407780332e-01
1.936091368706797655e-01
1.917401182570978579e-01
1.925273218574369838e-01
1.913232248042224803e-01
1.880990677296103808e-01
1.877217661930399850e-01
1.865628101767425329e-01
1.875480283159914330e-01
1.901071226710838169e-01
1.910794893882621914e-01
1.935883683358786689e-01
1.906321836520330215e-01
1.832893317447237824e-01
1.822245042491364431e-01
1.777589951168935811e-01
1.785014398264637703e-01
1.800950999515643081e-01
1.744175051844474300e-01
1.781437742844138583e-01
1.769650044655399768e-01
1.769493292727251088e-01
1.738991018885174267e-01
1.682819262443702168e-01
1.698008644043488280e-01
1.739818029180121295e-01
1.794767923179184654e-01
1.759952861025483317e-01
1.770927510092311641e-01
1.771866091944646060e-01
1.778065027686952515e-01
1.798792963814009882e-01
1.822633962575039845e-01
1.780748286103359113e-01
1.853911905674810456e-01
1.805906469473275155e-01
1.832487786720489731e-01
1.845300305306298849e-01
1.912717856259238958e-01
1.910009821936911045e-01
1.865115546583434591e-01
1.751195848517786424e-01
1.793457048614194305e-01
1.839307443416507426e-01
1.776187649097385468e-01
1.819315540613400395e-01
1.781189012680556294e-01
1.825162769920120887e-01
1.867749596660835676e-01
1.760079014249377738e-01
1.845158090528542516e-01
1.767999153854447614e-01
1.756781459671330203e-01
1.784087173313681773e-01
1.782468698004464336e-01
1.801416130882175504e-01
1.871350893210225186e-01
1.863129686321376710e-01
1.736885637438408958e-01
1.751377848801533577e-01
1.877632114940508135e-01
1.789018470568931596e-01
1.834561897878543291e-01
1.795854221288847863e-01
1.780286456256574001e-01
1.727495123919150499e-01
1.756876963573661132e-01
1.818710853586490428e-01
1.747301059108503918e-01
1.694984251758306359e-01
1.872047133904392591e-01
1.891196634755780703e-01
