1.795173557088889649e-01
1.800647011575020606e-01
1.786537431260523667e-01
1.865098143131989628e-01
1.808645439297295598e-01
1.883568549727392960e-01
1.881410088359697919e-01
1.817279047245686230e-01
1.882813600687152644e-01
1.805054279009796758e-01
1.749129629620934101e-01
1.746788733917806202e-01
1.759985571416727845e-01
1.856230176388139752e-01
1.794868093428017564e-01
1.867620922778274184e-01
1.811395486960617751e-01
1.855228860828352366e-01
1.842067119735720238e-01
1.854100340860799223e-01
1.880091084082565200e-01
1.859848697558501851e-01
1.946822175928608345e-01
1.859967165830665736e-01
1.935121509612873769e-01
1.874819014836611730e-01
1.967455256625314786e-01
1.964777686854085603e-01
1.883491891571622556e-01
1.841194539627273863e-01
1.869168253616069753e-01
1.947596433935100402e-01
1.899406676501907976e-01
1.849668831688086046e-01
1.953575244472428030e-01
1.885623406414873859e-01
1.839985267134426339e-01
1.826184860529134757e-01
1.918147990545800430e-01
1.849120077219092995e-01
1.840262295943703719e-01
1.861176261059596659e-01
1.847915006295446361e-01
1.899725228794162390e-01
1.822240787385200900e-01
1.866449939748673348e-01
1.888591958275904759e-01
1.817181407322724096e-01
1.834776057884045797e-01
1.837474559931078777e-01
1.857248649839614019e-01
1.879921133296210967e-01
1.872074415653420809e-01
1.856103290874043243e-01
1.802222322388344344e-01
1.780215919553440052e-01
1.760405657365437526e-01
1.807420837704695749e-01
1.809391555760063719e-01
1.853631845275967582e-01
1.795514842145555789e-01
1.809633302787058695e-01
1.834837276022807662e-01
1.894613738119386714e-01
1.849724655627523195e-01
1.877633697303207616e-01
1.875854232408909472e-01
1.929192270671281073e-01
1.852761521556337276e-01
1.867768554181699903e-01
1.827233185085467004e-01
1.830740931711961617e-01
1.761562557358292702e-01
1.824743464689329298e-01
1.952037588628418030e-01
1.933491074552753375e-01
1.866260596619888357e-01
2.005489762240046936e-01
1.927698035803226961e-01
1.878130670891566267e-01
1.956680159936990404e-01
1.880814759242262213e-01
1.935650554002554813e-01
1.907265632926694321e-01
1.886284843408659595e-01
1.986814176438046475e-01
1.945706621559035732e-01
1.852706790859163510e-01
1.938765317198657412e-01
1.860584168479048062e-01
1.864687190761802615e-01
1.895892783442251206e-01
1.843645236625762740e-01
1.815130452785517212e-01
1.781703547617584649e-01
1.871823119655680601e-01
1.923364058654856157e-01
1.879330828360211703e-01
1.838539140893580837e-01
1.798412464089587659e-01
1.868261224681233290e-01
1.856961253096330311e-01
1.908282508770795249e-01
1.866365981975454391e-01
1.848861578217935731e-01
1.882063052729706087e-01
1.792810851800734073e-01
1.811814147938444752e-01
1.870525842733207766e-01
1.803767814090879162e-01
1.830734048032700845e-01
1.811186216295875562e-01
1.831817267028848506e-01
1.908351225814771679e-01
1.918828455017250745e-01
1.867696093344352049e-01
1.842100978143405288e-01
1.910998326046290385e-01
1.800854594143408982e-01
1.932066944617877868e-01
1.897804560864197465e-01
1.824877429310843568e-01
1.819668193874284245e-01
1.905136666922201960e-01
1.909412161195062629e-01
1.911055695401435717e-01
1.927763727950035366e-01
1.831688303663632222e-01
1.823375427130218274e-01
1.897440198517374998e-01
1.864339176921837038e-01
1.846904546508001677e-01
1.911565869267892737e-01
1.939382827646496388e-01
1.914016891253296215e-01
1.876161466759227459e-01
1.981547556290066403e-01
1.970266203157848839e-01
1.980900291109794764e-01
1.849086806305879349e-01
1.894643903458359535e-01
1.955161700961145221e-01
1.956848784757110327e-01
2.062735977717214397e-01
2.062319504597757147e-01
1.916126662062574149e-01
1.935309789801210600e-01
2.016659287408003598e-01
1.973539165254635241e-01
1.993493985286306502e-01
1.929261963121150503e-01
1.976043407877722258e-01
1.977959225864086568e-01
2.044333809739434793e-01
2.058404678959285250e-01
1.979933075321586022e-01
2.026183957325911611e-01
2.028033760827372411e-01
1.917067874556539486e-01
2.010584228100695814e-01
2.041969419995002810e-01
2.017850212458210668e-01
1.928215919352385121e-01
1.900921668150211685e-01
1.890090808848307047e-01
2.001481935320382211e-01
1.909226760963361191e-01
2.033347477071048015e-01
1.931157974358187479e-01
1.919227954533314628e-01
1.928126117071509715e-01
2.006082225195733870e-01
1.963231319398669739e-01
1.955785543452197572e-01
2.092041711228986856e-01
2.009012977748903528e-01
1.995451776808039313e-01
2.046056780360189786e-01
2.036274395689626204e-01
2.006910936023534042e-01
2.035957767534558038e-01
1.981650857159938106e-01
1.961309181945072588e-01
1.975500623842041670e-01
1.933446332899617925e-01
1.957523586631823576e-01
1.879137823952575503e-01
1.988739778172261274e-01
1.988842099354687920e-01
1.912234717899227721e-01
2.011900064272725275e-01
1.882746015176602616e-01
1.834376513069786996e-01
1.881644494840383208e-01
1.927923601683066424e-01
2.087672074423052582e-01
2.065799331688368268e-01
1.967300606023008602e-01
2.026682838653904306e-01
1.976400617982586039e-01
1.846071574652814462e-01
1.884791817015219473e-01
2.007002498011656866e-01
2.032674936059840620e-01
1.893261649748728126e-01
1.982907686872642516e-01
1.945086127975322321e-01
1.941484276286167820e-01
1.989371279246052726e-01
1.961202329285283708e-01
1.992898792639637706e-01
2.035458041646428518e-01
1.941418984838741979e-01
2.015093686983792098e-01
1.999635859438438912e-01
1.903983130939543578e-01
1.947927114948655725e-01
1.966062266911093870e-01
1.934098963072655719e-01
1.891960754568635106e-01
1.861120872362324041e-01
1.865399430869792985e-01
1.915454578898901916e-01
1.933146016693739755e-01
1.900460907086901630e-01
1.762697395908083275e-01
1.932340950849277539e-01
1.995322539056113009e-01
2.009773461005088246e-01
2.089776227913889284e-01
2.001550924800257758e-01
1.926195971338101609e-01
1.919353480210576335e-01
1.957630544678612139e-01
1.915512208957083629e-01
2.030298021742516223e-01
1.870858865258356041e-01
1.922381852051257001e-01
1.932544623054290867e-01
1.906419944489634588e-01
1.924563500938656913e-01
2.061613825720344240e-01
1.934137904567945765e-01
1.873096561219564915e-01
1.947079000485169020e-01
1.911181804805480722e-01
1.938969448281535057e-01
1.897190762085692595e-01
1.943963105574528782e-01
1.842057207678802766e-01
1.966173245919483337e-01
1.935388917815851206e-01
1.937282770061428683e-01
2.064021697704407909e-01
2.019478214940788607e-01
1.992760435604843672e-01
1.953722123321256221e-01
1.997424822684498724e-01
1.893599649211404612e-01
1.811753487381560779e-01
1.985031568964522042e-01
1.965375287577935670e-01
1.904216026533463446e-01
2.025866493767292942e-01
1.896068124034567537e-01
1.783637858830458001e-01
1.957693451651108529e-01
1.924022004796406837e-01
1.930038092574024589e-01
1.812584976628482947e-01
1.895756550803721074e-01
1.969103302248769727e-01
1.887856829654758484e-01
1.926410943202950810e-01
1.879235708043552333e-01
1.903091565034794597e-01
1.916448002108008808e-01
1.869280900839214721e-01
1.935805954978468968e-01
1.965772478773691045e-01
1.912160326746370487e-01
1.932970774282889437e-01
1.782905696692491659e-01
1.822468454435443863e-01
1.910440742515267520e-01
1.922579087001476950e-01
1.994134930774271730e-01
2.005052791472409779e-01
1.967743080032179903e-01
1.904286362840734714e-01
1.905018413294922441e-01
1.932241900566295523e-01
1.996020448637570999e-01
1.988570428993438888e-01
1.840288538484557423e-01
1.859521597908870283e-01
1.944519813545897424e-01
1.928623281650207466e-01
1.871123169395469410e-01
1.952665910830683749e-01
1.778995389946647077e-01
1.818032637742121871e-01
1.809809943265363041e-01
1.749556537603507711e-01
1.865726402367340886e-01
1.940414466010192407e-01
1.825887820574803588e-01
1.932347107600773106e-01
1.921616181322289285e-01
2.007655320850497138e-01
1.893669800802445513e-01
1.970798320379963942e-01
1.941486491886444954e-01
1.896646678230068939e-01
1.872008882228829441e-01
1.780370260525285242e-01
1.876983941229400932e-01
1.881967966433467643e-01
1.942191293273932140e-01
1.918378923519913348e-01
1.901959940375946845e-01
1.791969852427478804e-01
1.854471255479034630e-01
1.847829972171485258e-01
1.931764631687631073e-01
1.845581704229911635e-01
1.988014036242335414e-01
1.905250282110203530e-01
1.918422761310861757e-01
1.980025522392754866e-01
1.968349314706950570e-01
1.910305023408530034e-01
2.000365342750303754e-01
1.923679574648833879e-01
2.005917398239509264e-01
2.004137558610656622e-01
1.988770501634482268e-01
2.001119634207972620e-01
2.028919556295417648e-01
2.114866131805465954e-01
2.148745476454005654e-01
2.135253122969532624e-01
2.116112968149098661e-01
2.098813780703746301e-01
2.020995937354090888e-01
2.067275532895383461e-01
2.067256890520249024e-01
2.062507087244200288e-01
2.050641526445954876e-01
2.045195842781554196e-01
2.013311867485377271e-01
1.959455707612435538e-01
2.056280423580931216e-01
2.019573747074734638e-01
2.009566170341056113e-01
1.969458654866446112e-01
2.051743037850424778e-01
2.041498654412520208e-01
2.023383344883162016e-01
2.012733850724540141e-01
1.960376598225697653e-01
2.034615429315601576e-01
2.004208288262105953e-01
2.006209140105723598e-01
2.097907537403718159e-01
2.018030034845919030e-01
1.837877370699556590e-01
1.919399435151060707e-01
1.981561615822676203e-01
2.007237599234832914e-01
2.109965125225459204e-01
1.995591024117963630e-01
1.891572354414776391e-01
1.943873980584079342e-01
1.949070176509445085e-01
2.022464916390885881e-01
1.876676550795236542e-01
1.929144660780522380e-01
1.970918663001064719e-01
2.019289340501750907e-01
2.032237123844698456e-01
2.033148938529850125e-01
2.050736928935864012e-01
2.096923609757029294e-01
2.102145003583134053e-01
2.116788996144922941e-01
2.152737169839387399e-01
2.183503950047285536e-01
2.185300761835780314e-01
2.231785047230191443e-01
2.228037927626148607e-01
2.233435645265687830e-01
2.235687887914780125e-01
2.218353453236788786e-01
2.233436809551635482e-01
2.219411932871325766e-01
1.946989728640369788e-01
1.856320637515513905e-01
1.804144239106439951e-01
1.830048477646807892e-01
1.910631462797763858e-01
1.935879009311285981e-01
1.999481278948230800e-01
2.060881875848629141e-01
1.991334499901661337e-01
1.985843815530568546e-01
2.036588315323955567e-01
2.056577559280808321e-01
2.170496540202866698e-01
2.175154043817433547e-01
2.155572628293963011e-01
2.169281029435306540e-01
2.176629998735857829e-01
2.133270135041530624e-01
2.163423331823369766e-01
2.168509738993807945e-01
2.151346396452257226e-01
2.113546789642671841e-01
2.129440837646767171e-01
2.138365803933705844e-01
2.062038734489252123e-01
1.976896329718492995e-01
2.074623431442906285e-01
1.988649738227949992e-01
1.955012858027035394e-01
1.977691871862822526e-01
1.973110693491154644e-01
2.089737057656189667e-01
2.089093900863086550e-01
2.072309706298672838e-01
2.051491823657746183e-01
2.060659343901268814e-01
2.011967855941586281e-01
2.016335624884847411e-01
1.964674604544095204e-01
2.036180151541941430e-01
1.894644802115367788e-01
1.983104563136836307e-01
1.876417346318683121e-01
1.853014037973219619e-01
1.884447985917581669e-01
1.929979273608033730e-01
2.013609949596724125e-01
1.984254745242621243e-01
2.036558685616029207e-01
1.983856406804340167e-01
1.861738665914268731e-01
1.993280313555110261e-01
1.986091590759284653e-01
1.954901354701374938e-01
1.917514589604348285e-01
2.013625492000006290e-01
1.880389245456542680e-01
1.895037875976329500e-01
1.893642520567447862e-01
1.923743761330486135e-01
1.928839981126360681e-01
1.997664852034897742e-01
2.137672488033939278e-01
2.132630154139559808e-01
2.129903068875932670e-01
2.116757635870608611e-01
2.105847383516214200e-01
2.146986250960135623e-01
2.150747515467742732e-01
2.106599825333087539e-01
2.000343376591554589e-01
1.985806936719522187e-01
1.947950695340682492e-01
2.015611084068410497e-01
2.009435978494750752e-01
1.963668714289720230e-01
2.000597755508916054e-01
1.962970006936490819e-01
1.913508658283603059e-01
2.087400290082634391e-01
2.003585157598530009e-01
1.981726751619798110e-01
1.892691132093364259e-01
1.979999863716780384e-01
1.899439053952306500e-01
1.951140913293501478e-01
1.859748282558429389e-01
1.824695120474571219e-01
1.908084829381262726e-01
1.929567559389286369e-01
1.878981174776927499e-01
2.067921083816314509e-01
2.036039257883258957e-01
2.019162358825893622e-01
1.903541630397113382e-01
1.883129434136036340e-01
1.767102385935336029e-01
1.790027994036033354e-01
1.795751377604529186e-01
1.879521516047531760e-01
2.025150408382944411e-01
2.013391190344067661e-01
1.989749926601745711e-01
1.948229215229397848e-01
