1.952501757636692092e-01
2.149980978856201874e-01
2.153546123998008044e-01
2.082501846429006820e-01
2.219036054247222056e-01
2.157095621243625139e-01
2.145233133817212312e-01
2.212396049099203676e-01
2.234896301431147925e-01
2.266480306773756559e-01
2.278327373168393399e-01
2.276127528552600587e-01
2.254612156411277546e-01
2.275696934357349654e-01
2.286834959718313520e-01
2.260285053677874578e-01
2.232371666300034252e-01
2.137031269635422115e-01
2.253529850816631541e-01
2.172389747899288182e-01
2.113204567764715991e-01
2.047638326898020833e-01
1.995480147633965640e-01
2.102400074477284164e-01
2.120344999422700272e-01
1.997678454172914786e-01
1.862697297523895901e-01
1.941256155211094625e-01
1.943750059223159354e-01
1.921847058486987891e-01
1.933754847349771211e-01
1.809325723870555680e-01
1.860837872113189628e-01
1.851519238959529190e-01
1.981612536086359011e-01
1.960292491768015621e-01
1.894411055767106222e-01
1.941916108471188340e-01
1.898423083672276801e-01
1.989104474833832681e-01
1.964966344299256262e-01
1.932351588746223370e-01
1.943304739669674541e-01
1.917737284453220337e-01
1.948017289296782584e-01
2.017826068228551484e-01
2.024159147511605805e-01
2.015096568015091183e-01
1.953225731122189002e-01
1.951852934443959464e-01
1.992833101285635400e-01
2.089219735989240045e-01
2.077800555423629514e-01
2.019812482222483330e-01
2.013969341998255724e-01
2.003092959223834457e-01
1.929440350025878881e-01
1.974329314818547843e-01
1.984556536560145301e-01
1.893808564314469756e-01
1.874238972608684439e-01
1.899534205989704405e-01
1.985070404662669652e-01
2.007839839055241271e-01
1.972353163959657540e-01
2.076913584199435170e-01
2.146340647229653675e-01
2.174967047334139258e-01
2.166615519270094214e-01
2.150910292520963607e-01
2.162913590993442992e-01
2.178263387395562856e-01
2.193765339609259624e-01
2.206622317586808546e-01
2.224124143426631228e-01
2.238762862630703232e-01
2.251105933803709824e-01
2.268504299691680437e-01
2.283788230004328845e-01
2.286090713332311342e-01
2.282723738756626819e-01
2.295081550603103315e-01
2.301478625138119460e-01
2.306063401407473512e-01
2.296942987525855406e-01
2.291946866262097038e-01
2.288741376928643823e-01
2.290658893491527570e-01
2.296906548909961876e-01
2.299410590109064734e-01
2.302419160026064893e-01
2.300936471755593848e-01
2.303599833345319203e-01
2.308510275766141595e-01
2.313406192305453024e-01
2.321981665421136987e-01
2.328231270955264942e-01
2.333408700729912577e-01
2.339298999811895707e-01
2.324663508302280412e-01
2.332562271468021642e-01
2.337696879430724017e-01
2.341879341605506148e-01
2.345857227261434197e-01
2.349035364948606208e-01
2.355760116180563024e-01
2.359264065782640252e-01
2.363060395965903560e-01
2.370380719426976590e-01
2.371583941339907575e-01
2.373315706816243598e-01
2.376029185042001224e-01
2.378448133820882937e-01
2.382738348101498538e-01
2.383772994720119165e-01
2.385839015228925497e-01
2.385621644684108311e-01
2.388127564641622236e-01
2.389389499946390494e-01
2.380793769907456614e-01
2.382329212874538804e-01
2.382242696405740823e-01
2.381909031796192733e-01
2.380743023388356971e-01
2.381398198099782815e-01
2.380446433272476736e-01
2.378049753240583652e-01
2.378750918439800910e-01
2.367139988542897311e-01
2.359334591393087988e-01
2.358074322724428851e-01
2.345157956499315799e-01
2.340006603654337103e-01
2.342424422902900649e-01
2.357441311759578828e-01
2.367663949965595482e-01
2.383613989233970831e-01
2.379212949535747801e-01
2.364918200751214283e-01
2.357307891097145114e-01
2.358144670007840671e-01
2.358274590865705456e-01
2.349231288679960450e-01
2.351385408067643290e-01
2.391645851016677149e-01
2.390607736473016054e-01
2.390586192668480159e-01
2.388617300999187343e-01
2.389271551356899614e-01
2.389602825352086235e-01
2.360191504607116464e-01
2.354415503093094664e-01
2.345669818156381758e-01
2.337117050478014768e-01
2.330730639631242163e-01
2.325420005509415411e-01
2.317686904171313567e-01
2.314155149389779675e-01
2.302707765977783927e-01
2.352023152768223935e-01
2.354466805287385722e-01
2.352024417157279612e-01
2.345912812809698988e-01
2.330408340206416296e-01
2.333098943621079724e-01
2.330409767533295207e-01
2.324578923150538157e-01
2.319599155669037072e-01
2.324334432138401296e-01
2.312919663806557447e-01
2.298822470157834141e-01
2.313647422360431971e-01
2.313019901479449469e-01
2.308630885757920748e-01
2.242015719341482471e-01
2.161183128891964733e-01
2.203752993060125731e-01
2.202495388059863557e-01
2.180460220894237522e-01
2.169168447594668203e-01
2.217099855633646865e-01
2.130220761520045802e-01
2.174486783825951841e-01
2.165010896960846143e-01
2.082822145356036936e-01
2.192367242845723041e-01
2.183743912035554513e-01
2.029125695371918892e-01
2.127812416067826340e-01
2.144364420084400868e-01
2.096999700752605056e-01
2.251012412354888859e-01
2.144476075887814526e-01
2.279452187591139711e-01
2.283018226382260429e-01
2.246822925283815386e-01
2.161149521811106533e-01
2.217613326846610000e-01
2.140409126365577785e-01
2.086657875872880707e-01
2.056220471371069947e-01
2.252694013533135808e-01
2.284272513742801047e-01
2.313197233904796535e-01
2.311599759660319664e-01
2.316102852432212478e-01
2.232547784433430715e-01
2.335305090835009811e-01
2.293907517345348812e-01
2.286931188139436633e-01
2.276463552393226952e-01
2.282848039953729868e-01
2.352916282398861414e-01
2.342299793771412952e-01
2.331157716052071338e-01
2.327492827879008574e-01
2.324137961412527931e-01
2.273046291066346258e-01
2.255833359538497451e-01
2.093311700877820702e-01
1.927209713689675419e-01
2.208966376109598451e-01
2.139437684642158666e-01
2.032850826924320620e-01
1.993189855497624896e-01
2.007590769235861328e-01
2.025471192099069784e-01
2.169902157046946223e-01
2.174363768609990921e-01
2.165894754425577440e-01
2.160231643196338092e-01
2.171778557107271745e-01
1.988346405756185320e-01
2.164477952250967452e-01
2.173510699487360698e-01
2.244194438875718178e-01
2.243178611097143560e-01
2.238798807860611917e-01
2.260754262373823598e-01
2.226977944082578209e-01
2.235067502850779098e-01
2.192192120120591559e-01
2.130383871524900163e-01
1.996420389630195191e-01
2.137111674858638843e-01
2.112275607588949833e-01
2.077128821003194070e-01
1.887129566784987444e-01
1.880950538175894526e-01
2.038701715911943046e-01
2.018907969171586936e-01
2.173083111897010089e-01
2.203967690684396352e-01
2.156008738879893194e-01
2.145466364181731755e-01
2.150357651525534597e-01
2.154566553891082425e-01
2.175096395250185055e-01
2.143189338453615478e-01
1.991625859092328032e-01
2.177522194058406357e-01
2.150749230764029407e-01
2.137342007619789652e-01
2.076122276554338286e-01
2.074278238089728998e-01
2.052389106721915213e-01
2.181599548743212158e-01
2.217597547171668571e-01
2.207449029688438036e-01
2.202486565619100611e-01
2.195671346744264285e-01
2.113773035027075031e-01
2.136779791244189375e-01
2.134705391837773414e-01
2.247511861743271555e-01
2.220607044722237577e-01
2.193530500452107179e-01
2.125907315705980738e-01
2.093949989272479995e-01
2.110524218818644604e-01
2.113115122361505227e-01
2.058889095980697137e-01
2.012160723497503634e-01
2.178683463051506453e-01
2.243761126235434278e-01
2.251192830453057903e-01
2.201798636744903281e-01
2.222891360818660123e-01
2.213834607032009183e-01
2.140308458168436734e-01
2.162352664451415440e-01
1.944530226112736182e-01
1.934296496179418456e-01
2.095920659718716605e-01
2.247761492759864366e-01
2.235045277640325123e-01
2.223746198962331944e-01
2.130377089643539779e-01
2.084835382703729145e-01
2.130313538595035028e-01
2.131231596166917874e-01
2.155903904557184281e-01
2.160645223057947040e-01
2.168560018554260560e-01
2.140711220051463859e-01
2.111759624286285719e-01
2.181250027945529912e-01
2.178941442529541139e-01
2.166937275849921685e-01
2.215492403936270560e-01
2.076150653143702951e-01
2.179102650327407464e-01
2.201367758385154583e-01
2.207423680036152414e-01
2.182460928796411403e-01
2.189197931241176898e-01
2.178617174750913932e-01
2.226244081476979608e-01
2.257081797966346837e-01
2.272791677590302040e-01
2.258897926166067993e-01
2.210042199359147919e-01
2.144904831792230349e-01
2.163885089234908188e-01
2.145491567662864418e-01
2.139407264247856211e-01
2.093505080509781568e-01
2.113701530829201758e-01
2.173080338037359227e-01
2.146894957066253218e-01
2.199957613880922924e-01
2.206914339496830746e-01
2.071120916019442704e-01
2.162489741437668977e-01
2.167900382151989325e-01
2.140781829685927118e-01
2.084208701693025523e-01
2.086629306364752301e-01
2.225576036803572910e-01
2.254364105383259709e-01
2.256576863846406489e-01
2.267141937023319509e-01
2.228341172450187535e-01
2.082180211314609841e-01
2.240509334836168209e-01
2.255681870857899063e-01
2.234720369783773086e-01
2.235303223888309154e-01
2.226769181512568418e-01
2.295030397883183748e-01
2.317334910352061850e-01
2.332227764754642718e-01
2.344679464128128776e-01
2.337320294156123024e-01
2.342800362101578882e-01
2.354472391606415860e-01
2.355171909272323061e-01
2.351495513335700449e-01
2.339193128988548975e-01
2.335971033826419185e-01
2.333955750408372720e-01
2.125920947548315398e-01
2.121201533951398988e-01
2.090202506624257994e-01
2.101743523678858971e-01
2.060945254182933728e-01
1.926243956306415428e-01
2.113138220502625286e-01
2.171436106258587961e-01
2.100488648552833459e-01
2.191225661513532263e-01
2.228710115840589201e-01
2.233642174826660498e-01
2.232225194666431212e-01
2.082981259260705820e-01
2.077209036142446952e-01
2.072395401328198106e-01
2.064074742659836315e-01
1.877219579081632062e-01
1.999622818445218886e-01
1.946424896496458667e-01
1.948815509685122849e-01
1.965082916841479066e-01
1.965435908427549394e-01
1.917995606782084139e-01
1.872092516334337153e-01
1.942499233111923407e-01
2.041139957023285489e-01
2.039253515800862893e-01
2.031990761202130402e-01
2.020791257715852107e-01
1.978181988882259101e-01
1.953945521103919725e-01
1.954045064094824258e-01
2.117214739378229793e-01
2.151720219954748603e-01
2.146825410042405013e-01
1.888378999546875547e-01
1.971456555089023677e-01
2.137052221419245557e-01
2.138243912215777032e-01
2.080554461025625745e-01
1.970576940586093173e-01
2.113453758883357958e-01
2.020016257990418507e-01
2.058655176345360327e-01
2.000952572726172052e-01
1.903059584680757976e-01
1.971726933001224924e-01
1.973765177513275293e-01
2.162104449582285537e-01
2.167985416099184881e-01
2.175898335587902188e-01
2.207602950284564547e-01
2.199798593364216681e-01
2.183243403207366096e-01
2.031886270209760093e-01
2.108469671618196650e-01
1.946347521975826944e-01
2.148542156140516024e-01
2.082646461685745409e-01
2.014081603868108084e-01
2.067446849682588184e-01
2.163981140505327194e-01
2.204769511512110758e-01
2.230854452551354616e-01
2.237965473794772397e-01
2.251654594243588936e-01
2.257981864643160974e-01
2.260811991916388819e-01
2.274779884108467654e-01
2.282184622548085740e-01
2.288917874948301345e-01
2.296382116519443684e-01
2.302975318705184349e-01
2.315269163464099278e-01
2.320716956060086544e-01
2.329088269868852534e-01
2.341367377323412824e-01
2.349343376836690034e-01
2.364254633746871725e-01
2.365652736639707321e-01
2.373489543838762650e-01
2.373869092935341207e-01
2.374766188736860961e-01
2.388823080082578265e-01
2.390088490911215224e-01
2.395276345026080556e-01
2.396310887436787773e-01
2.402513553198594165e-01
2.408318923704689807e-01
2.411604627958502389e-01
2.417783622323702586e-01
2.420867953548776486e-01
2.421176133015859877e-01
2.421054114492716680e-01
2.423812958370189508e-01
2.426597634589297003e-01
2.428952989896214776e-01
2.430272809510524157e-01
2.430482984823055803e-01
2.436838871940080198e-01
2.437785212088937614e-01
2.438851839962962176e-01
2.440752412448590758e-01
2.440564207388023488e-01
2.440728963401442297e-01
2.442473691830445159e-01
2.441507707919344239e-01
2.444311824039731573e-01
2.451306816262375787e-01
2.453364767256561163e-01
2.457539455339928236e-01
2.460519568312110050e-01
2.461687266381476502e-01
2.461813026624939948e-01
2.463214048033977588e-01
2.460696683668338047e-01
2.457069445109190675e-01
2.453881058175447216e-01
2.459200987300355079e-01
2.459705427142998557e-01
2.463244448340410342e-01
2.424684219279206188e-01
2.421685347123875287e-01
2.426657931823646974e-01
2.456154156170443636e-01
2.465622735166791424e-01
2.472241930706561286e-01
2.475201678653095039e-01
2.476656234643771493e-01
2.482295566135009901e-01
2.484149021429177262e-01
2.487045093723511124e-01
2.488891067248234501e-01
2.490894566985618619e-01
2.485116004784005961e-01
2.487992437408822477e-01
2.489987626640642882e-01
2.486603851063821091e-01
